#Family	R1_A_D1	R1_A_D2	R1_B_D1	R1_B_D2	R1_C_D1	R1_C_D2	R2A_A_D1	R2A_A_D2	R2A_B_D1	R2A_B_D2	R2A_C_D1	R2A_C_D2	R2_A_D1	R2_A_D2	R2_B_D1	R2_B_D2	R2_C_D1	R2_C_D2	SF2_A_D1	SF2_A_D2	SF2_B_D1	SF2_B_D2	SF2_C_D1	SF2_C_D2
125ds10	0	0	0	0	0	0	0	25	78	22	47	2	0	0	0	0	0	0	0	0	0	0	0	0
4C0d-2CL	0	1	3	0	1	9	1	0	1	47	1	0	337	121	14	73	60	55	0	15	10	1	6	84
5bav_B12CL	0	0	0	0	0	0	3	1	11	937	72	310	0	0	0	0	0	0	27	39	51	52	65	93
A4bOR	0	0	0	1	0	0	4479	4199	6801	1246	5353	3989	0	0	1	2	0	0	83	115	125	128	603	76
ABY1_OD1PH	119	104	29	30	13	15	0	4	2	1	0	0	27	138	66	17	36	21	62	17	0	1	42	0
AKIW874	1	1	2	0	1	5	37	47	11	1	16	6	1	5	4	10	1	1	0	3	18	10	118	51
AT425_EubG1CL	0	0	0	0	0	0	0	1	1	3	0	1	0	0	0	0	0	0	27	26	147	142	180	44
Acetobacteraceae	0	0	0	0	0	0	0	29	8	361	50	150	0	5	0	1	0	0	0	2	0	1	3	3
AcidimicrobialesOR	8	5	22	19	11	26	20	79	47	65	135	47	57	72	28	94	11	44	26	40	20	23	58	17
Acidithiobacillaceae	0	0	0	0	0	0	63	36	2	0	10	0	0	0	0	0	0	0	0	0	0	0	0	0
Acidobacteria-5CL	0	0	0	0	0	0	25	1059	884	209	272	4	0	0	0	0	0	0	0	1	1	0	1	1
AcidobacteriaPH	0	0	0	0	0	0	201	1238	960	8558	3055	2415	0	1	0	0	0	0	240	289	280	271	837	213
Acidobacteriaceae	0	0	1	0	0	2	1	487	42	2989	751	795	0	0	1	2	1	0	0	1	1	1	5	1
AcidobacterialesOR	1	0	0	0	0	0	26	725	348	138	613	169	0	0	0	0	0	0	2	2	0	1	3	0
ActinobacteriaCL	0	0	2	0	0	0	502	331	506	2134	315	197	0	0	0	0	0	1	20	79	35	29	56	21
ActinomycetalesOR	1	3	12	7	4	51	29	2	21	6	6	0	1530	488	62	748	4	1605	51	128	33	35	128	110
Alcaligenaceae	50	62	139	98	75	47	0	0	0	1	0	0	12	27	66	36	255	128	0	0	0	2	0	0
Alcanivoracaceae	169	128	77	67	142	112	18	43	4	1	103	37	13	63	79	36	128	17	0	4	241	179	9	145
Alicyclobacillaceae	0	0	25	2	11	50	6	181	49	3350	6	11	24	206	427	367	8	25	19	317	75	63	440	524
AlphaproteobacteriaCL	204	356	305	324	1087	257	268	1264	2687	1096	1383	842	219	340	542	503	888	763	42	28	30	37	65	12
Alteromonadaceae	12233	14858	9234	8401	13061	11982	5950	3028	3028	365	684	64	2109	2362	11806	2877	14051	2267	608	290	118	115	745	116
AlteromonadalesOR	0	0	2	0	0	0	23	59	15	5	21	3	2	3	2	3	0	0	1	0	1	1	2	3
Anaerobrancaceae	0	0	1	0	0	0	0	0	0	17	0	0	1	3	7	5	1	3	1	9	12	8	19	60
Anaerolinaceae	5	2	6	5	2	1	1483	1390	1700	2219	1385	1099	1	97	11	5	7	9	633	867	1345	1391	2613	1460
AnaerolineaeCL	40	35	85	72	57	104	607	383	643	676	1291	567	31	563	105	67	31	104	920	1665	1437	1309	2678	991
ArchaeaKI	190	200	74	167	601	127	0	0	1	0	1	0	102	166	332	147	499	142	70	6	22	26	19	1
ArmatimonadetesPH	1	1	3	2	0	2	3	0	4	0	1	0	11	8	68	3	123	17	2	1	3	2	0	0
At425_EubF1	4	2	2	2	2	16	2	0	3	116	0	5	12	49	7	14	1	5	53	190	192	172	343	262
Aurantimonadaceae	0	0	0	0	0	0	63	118	131	53	339	196	3	1	0	0	0	0	0	2	0	0	2	1
B10OR	0	0	3	1	3	3	4	1	9	121	3	20	0	17	1	2	1	0	138	569	632	531	879	1179
BA021OR	2497	2049	990	2176	1453	3973	0	13	8	87	6	10	845	2088	423	1386	54	284	6	66	508	428	215	423
BB34CL	0	0	0	0	0	0	3	6	10	1	3	2	0	0	0	0	0	0	30	32	35	30	119	34
BD4-9CL	2	2	5	5	9	17	0	0	1	41	1	5	25	214	94	21	43	27	12	52	78	66	317	215
BPC102CL	2	0	0	2	0	1	165	717	467	897	902	130	0	13	2	2	0	0	205	530	325	284	505	427
BPC110OR	0	0	0	0	0	0	51	7	14	13	3	1	0	3	1	0	0	0	260	585	148	126	382	115
Bacillaceae	534	635	281	83	213	977	29	37	157	63	238	507	395	982	745	940	556	506	35	135	292	241	822	1076
Bacteriovoracaceae	45	39	14	29	40	28	0	0	0	0	0	0	63	17	44	36	79	205	0	0	0	1	0	0
BacteroidalesOR	14849	11591	13430	11686	16450	6648	2822	827	1734	13347	3312	13894	16041	15593	18631	8843	22763	22286	6322	8260	11899	10803	18409	15557
BacteroidetesPH	45	77	126	245	41	64	10	171	49	14	263	129	62	332	251	103	426	546	50	29	16	8	148	11
Balneolaceae	18682	18657	13942	16817	21302	12137	691	709	856	1821	949	2816	5936	6328	14725	5535	14186	6716	140	4668	6936	5564	1999	10689
Bdellovibrionaceae	60	74	176	201	65	77	0	0	1	0	2	2	118	64	116	63	163	171	0	0	1	0	0	1
Bogoriellaceae	0	0	0	0	0	0	899	288	389	18	58	2	0	0	0	0	0	0	0	0	0	0	0	0
Bradyrhizobiaceae	24	14	48	23	136	85	0	0	0	0	0	0	48	47	78	94	69	57	0	1	1	3	0	2
Burkholderiaceae	6	8	9	6	12	12	5	9	11	3	3	4	12	10	9	8	9	8	7	6	12	7	21	6
BurkholderialesOR	0	0	0	0	0	0	97	252	66	5	31	0	0	0	0	1	0	0	0	1	0	0	0	0
C6CL	0	0	0	0	0	0	3	3	5	19	43	30	0	0	0	0	0	0	1	2	0	0	2	0
CCM11bPH	111	95	161	50	156	383	8	1	20	211	7	81	51	225	182	269	74	114	159	25	550	482	69	725
CFB-26OR	1	0	1	0	1	2	2158	1906	1385	629	445	23	0	0	1	0	0	1	50	105	75	81	266	99
CH21CL	0	0	0	0	0	0	3	117	88	12	59	3	0	0	1	0	0	0	1	1	0	0	1	0
CL500-15OR	2	0	14	1	0	1	57	128	207	26	174	10	2	3	28	3	46	2	21	13	8	8	40	4
CL500-29	3	0	2	2	7	14	698	309	387	41	63	5	77	51	20	232	2	107	78	131	80	69	235	35
CTD005-82B-02OR	79	79	160	70	248	174	4	4	144	1	8	3	54	46	160	41	167	30	0	3	5	2	7	2
CV106OR	0	0	0	0	0	0	53	374	202	13	147	16	0	0	0	0	0	0	12	11	10	10	20	1
Caldilineaceae	0	0	0	0	0	0	229	152	157	270	117	382	0	0	0	0	0	0	133	283	64	68	207	29
CaldithrixalesOR	0	0	0	1	0	0	445	773	1340	337	2101	110	0	0	0	0	0	2	1929	1263	1801	1696	2979	556
Campylobacteraceae	223	313	228	199	92	73	11	0	2	1	0	0	92	200	183	56	522	248	2	0	5	1	1	1
CampylobacteralesOR	163	59	23	53	47	471	792	30	41	218	128	166	14	517	29	16	6	23	2251	2643	3460	3480	14788	4084
Catabacteriaceae	25	39	5	11	22	12	0	1	10	173	15	87	2	53	3	2	1	1	46	450	801	738	708	1969
Caulobacteraceae	0	0	0	0	0	0	8	26	33	0	546	10	0	0	1	1	0	1	0	0	0	0	0	0
Celerinatantimonadaceae	0	0	0	0	0	0	8	171	2	9	103	2	0	0	0	0	0	0	0	0	0	0	0	0
Cellulomonadaceae	0	3	41	20	0	5	1	153	8	14	65	122	4	23	1	12	0	4	1	22	74	52	163	158
Cenarchaeaceae	0	0	0	0	0	0	188	1303	765	189	2711	343	0	1	0	0	0	0	51	22	7	2	116	6
ChlamydialesOR	6	4	53	171	6	44	20	228	195	295	116	31	89	67	27	49	14	79	1	19	35	31	33	24
ChloracidobacteriaCL	0	0	0	0	0	0	32	86	96	18	165	165	0	0	0	0	0	0	2	8	2	2	1	1
ChlorobiPH	5	3	19	5	12	2	7	0	5	1	1	3	28	84	63	20	30	38	13	6	15	11	32	3
Chloroflexi-4CL	0	0	0	1	0	0	25	434	223	180	246	27	0	0	0	0	0	0	2	0	0	1	2	0
ChloroflexiPH	0	0	0	0	0	0	34	134	62	1456	88	1151	0	0	0	0	0	0	0	4	0	0	1	6
ChlorophytaOR	47	4	29	22	76	54	0	0	0	0	0	0	38	55	43	52	4	25	0	0	0	0	1	0
Chromatiaceae	8	3	20	11	45	23	74	562	104	236	64	638	29	172	43	124	42	27	178	255	212	168	238	1096
ChromatialesOR	290	273	888	651	637	532	5877	4745	3580	2616	5941	6582	1052	761	996	765	1167	665	7926	10011	4924	4635	11169	3428
ChroococcalesOR	0	0	1	0	9	4	0	0	0	0	0	0	4	169	26	14	3	2	0	0	1	0	1	2
Chrysiogenaceae	42	70	28	22	12	11	0	0	0	0	0	0	7	1	7	0	24	16	0	0	0	0	0	1
ClostridiaCL	1	0	1	1	0	0	0	60	12	269	179	150	0	2	3	1	1	0	6	116	243	215	284	353
Clostridiaceae	95	86	419	62	185	488	180	15	88	89	252	878	169	451	366	417	171	179	55	118	119	122	400	337
Clostridiales Family XI. Incertae Sedis	7700	10882	4762	4837	2016	2095	62	13	18	6	1	0	2631	791	1239	3005	891	3470	1	5	15	19	7	13
Clostridiales Family XII. Incertae Sedis	61	101	9	23	6	46	816	8	0	0	2	0	8	28	21	42	3	56	15	2	5	5	6	0
Clostridiales Family XIII. Incertae Sedis	493	786	1897	1982	334	301	0	2	0	0	0	0	31	13	28	126	21	31	0	0	0	2	0	7
ClostridialesOR	17693	31325	16136	19309	11841	13093	10058	126	74	39	95	149	4319	3031	8547	10048	6788	16527	166	173	366	350	581	408
Cohaesibacteraceae	160	104	377	91	265	445	28	92	342	22	22	2	107	276	275	217	235	150	1	21	53	39	23	206
CoriobacterialesOR	0	0	0	1	0	0	0	0	1	290	1	6	0	1	1	0	0	1	1	8	9	9	12	23
Corynebacteriaceae	0	0	0	0	0	3	0	0	0	0	0	0	2	57	15	23	0	0	0	2	0	0	0	0
Coxiellaceae	5	14	150	140	27	46	55	182	179	65	739	32	43	34	57	54	26	46	0	8	1	1	5	3
Cryomorphaceae	41	144	51	122	22	6	170	12	5	1	1	0	31	15	77	18	133	39	1	0	0	0	0	0
Cyclobacteriaceae	16	45	73	132	18	15	332	81	84	10	65	13	22	30	111	34	155	237	19	12	16	7	18	2
DHVE3PH	0	0	0	0	0	0	0	0	0	0	0	0	0	0	0	0	0	0	6	0	25	28	36	7
DRC31OR	0	1	0	0	1	0	1495	1410	1657	245	533	54	0	0	1	0	0	1	508	639	270	278	740	87
DS-18OR	0	0	0	0	0	0	252	126	952	11	77	5	0	0	0	0	0	0	54	68	19	29	154	24
Deferribacteraceae	23	8	61	43	112	65	12	0	1	0	0	0	517	559	219	186	77	129	32	7	22	26	51	9
Dehalobacteriaceae	1	0	1	2	1	4	0	0	0	2	0	0	2	11	4	3	1	2	29	31	60	47	140	50
Dehalococcoidaceae	1	2	2	3	1	4	0	0	1	174	16	88	0	6	2	1	0	0	117	170	328	281	559	333
DehalococcoidetesCL	0	0	0	0	0	0	0	0	0	2	0	0	0	0	0	0	0	0	25	39	113	90	172	54
Deinococcaceae	538	472	590	729	304	320	891	489	108	334	749	1314	348	468	278	479	363	321	4	158	114	103	35	388
DeltaproteobacteriaCL	369	276	1087	325	646	950	320	1128	818	1942	1519	4271	247	554	653	330	448	243	872	596	656	623	1745	912
Desulfitobacteraceae	689	588	451	634	414	658	1	1	2	11	1	1	413	362	248	661	79	667	1	26	34	40	57	256
Desulfobacteraceae	2342	2445	6408	1337	3306	1818	1930	282	1060	10327	1217	5862	2379	8127	9398	1633	16029	2990	13604	16586	20272	18740	36077	17451
DesulfobacteralesOR	0	1	1	0	0	0	57	71	67	560	14	25	0	23	1	0	1	0	1887	1801	1017	989	2719	780
Desulfobulbaceae	88	139	473	127	240	702	4634	467	4954	14641	5035	12912	336	1823	1705	318	2401	468	15096	17014	9441	8965	23144	8903
Desulfohalobiaceae	3124	3253	2927	2497	2446	1489	37	81	413	29	124	7	4119	4464	4276	2458	6899	5368	3	3	171	140	44	32
Desulfonatronumaceae	2	13	69	19	7	6	0	0	0	0	0	0	4	2	7	5	56	12	0	0	0	0	0	0
Desulfovibrionaceae	473	682	798	1582	149	257	73	0	0	2	56	15444	151	96	96	392	350	405	21	25	4	7	90	12
DesulfovibrionalesOR	0	0	0	0	0	0	0	0	0	0	0	1	0	0	0	0	0	0	2	10	65	50	34	75
Desulfurellaceae	326	275	602	338	686	704	2	107	173	146	885	21	329	907	745	197	576	368	39	11	349	256	54	34
Desulfuromonadaceae	1857	570	1298	1172	1137	903	6677	4744	7480	725	11388	9477	754	5297	1818	1669	722	1590	422	275	2286	1856	1139	448
DesulfuromonadalesOR	1320	956	2237	1976	2397	1612	7203	1461	3348	1261	939	5965	582	1298	1412	723	881	840	21241	17782	22836	21491	29093	8940
Dethiosulfovibrionaceae	2431	2384	1777	2094	1592	1183	0	4	3	2	1	0	1255	480	472	2634	659	1200	0	1	2	2	0	1
E2OR	0	0	0	0	0	0	0	0	0	0	0	0	17	165	18	6	2	1	0	0	0	0	0	0
EB1017	0	0	0	0	0	1	1	179	50	105	425	184	1	0	0	1	0	0	0	3	0	0	0	0
EC214CL	3	8	4	7	7	3	3	309	161	243	2656	854	2	16	3	1	1	1	1	2	43	28	6	46
Ectothiorhodospiraceae	2020	212	264	151	345	191	757	1192	993	379	1075	107	74	284	374	131	413	127	66	877	312	239	110	357
Entotheonellaceae	0	0	0	0	0	0	63	539	296	68	297	10	0	0	0	0	0	0	1	2	1	0	0	0
EpsilonproteobacteriaCL	0	0	0	0	1	0	0	0	0	4	0	0	0	0	0	0	0	0	0	0	186	189	12	0
Erythrobacteraceae	139	133	412	199	149	153	779	168	491	57	104	9	184	217	287	251	483	295	115	130	73	59	378	34
Eubacteriaceae	14	16	6	4	11	16	0	0	0	0	0	0	2	9	10	66	1	17	0	0	0	0	0	0
EuryarchaeotaPH	0	0	1	0	2	3	2	2	3	13	56	142	40	48	98	9	132	32	144	62	339	365	390	52
Euzebiaceae	74	22	176	89	137	200	101	27	26	1	2	0	258	197	139	297	46	95	1	0	2	0	36	2
FFCH393CL	0	0	0	0	0	0	67	33	112	9	22	2	0	0	0	0	0	1	112	76	48	52	156	15
FirmicutesPH	3	3	11	9	3	18	1	0	0	0	0	0	4	44	7	12	2	12	2	0	13	14	4	11
Flammeovirgaceae	70	163	174	127	104	60	5951	6717	5070	701	2950	1003	37	71	280	53	507	290	2489	2280	760	732	3246	557
FlavobacteriaCL	174	268	811	325	471	273	404	319	178	423	91	104	271	271	1541	259	1675	285	387	272	238	261	701	157
Flavobacteriaceae	2016	3714	3445	1512	1053	2282	13564	6665	7014	2757	3542	1397	900	1897	1992	1972	3563	5594	3670	5336	3875	3548	6206	2030
Flexibacteraceae	0	1	0	0	1	1	193	1198	879	185	623	33	2	57	58	15	123	4	45	17	58	49	40	12
Fusobacteriaceae	0	0	16	2	6	0	0	0	0	2	1	0	10	18	99	3	251	12	302	178	77	85	506	24
GCA004OR	6	4	13	18	2	23	2490	994	1358	640	1101	1343	69	2876	127	51	12	101	3018	2680	4093	3974	5646	1689
GN02PH	12	49	8	15	3	13	0	0	0	0	4	0	1	4	22	4	14	2	1	0	0	0	0	0
GN03OR	39	22	276	91	460	181	268	144	368	1563	641	1376	235	537	824	283	1106	239	613	336	546	458	789	119
GN04PH	0	0	0	0	0	0	0	9	4	26	38	83	0	0	0	0	0	0	61	63	137	105	143	51
GN06PH	0	0	0	0	0	0	2	0	0	5	1	0	0	0	0	0	0	0	158	184	164	134	599	79
GN09OR	12	25	69	46	39	33	0	0	2	261	1	1	139	98	306	104	290	309	84	24	333	324	767	108
GN12PH	0	0	0	0	0	0	0	5	3	54	6	74	0	1	0	0	0	0	41	30	80	74	181	112
GN13CL	14	3	25	7	14	18	4	4	15	8	7	22	30	34	21	20	16	30	32	17	24	20	71	22
GN15CL	7	12	17	35	17	13	543	256	358	2814	238	133	7	49	24	9	15	11	1412	1020	2635	2525	2722	1641
GOUTA4PH	0	0	0	0	0	0	0	1	6	67	12	99	0	0	0	0	0	0	1	16	18	24	34	50
GW-22CL	0	0	0	0	1	0	0	0	4	11	0	0	101	107	24	17	17	253	98	117	145	128	253	119
Gallionellaceae	0	0	0	0	0	0	1	1	0	79	364	2282	0	0	0	1	0	0	0	0	0	0	0	0
GammaproteobacteriaCL	12486	10039	9841	10422	12739	12004	12045	8436	9901	2104	5578	3153	6602	6435	7776	6660	8619	7001	5625	7473	6514	5778	9745	8642
Gemmataceae	0	0	0	0	0	0	166	385	540	66	207	34	0	0	0	0	0	0	1	2	0	0	1	0
Gemmatimonadaceae	0	0	0	0	0	0	0	1	1	21	37	64	0	0	0	0	0	0	0	0	0	0	0	0
GemmatimonadalesOR	0	0	1	0	0	0	2	736	101	452	1097	1345	0	0	0	0	0	0	1	1	0	1	0	0
GemmatimonadetesCL	495	401	386	546	642	452	1631	4688	4110	3938	6782	5223	454	675	387	423	380	661	1615	1894	1643	1486	2518	1364
Geobacteraceae	0	0	1	1	0	0	0	15	33	959	49	1197	0	1	1	0	1	0	0	0	0	0	3	0
H5	0	0	0	0	0	0	2480	1230	1394	223	459	1021	0	0	0	0	0	0	14	7	2	2	19	1
HMMVPog-54OR	0	0	0	0	0	0	1	1	4	8	0	0	0	0	0	0	0	0	131	241	159	145	290	114
HN1-15OR	0	0	0	0	0	0	179	117	107	13	17	0	0	0	0	0	0	0	0	1	0	1	0	0
HTCC2089	660	677	344	560	1476	640	635	1202	1095	109	650	74	272	374	691	423	677	288	903	1193	590	594	1308	287
HTCC2188	32	18	18	15	56	28	830	1364	775	78	169	35	16	22	78	15	134	9	567	359	234	208	673	52
Hahellaceae	0	0	0	0	0	0	81	418	264	22	112	8	0	0	0	0	0	1	4	0	0	0	1	0
Halanaerobiaceae	10969	7160	10575	9101	6259	4843	7	24	24	307	12	21	8342	8067	4269	4119	12271	11705	8	78	113	82	244	301
Haliangiaceae	1	0	5	3	0	4	72	122	84	50	403	428	8	60	10	4	7	8	392	153	407	327	652	150
Halobacteriaceae	7241	2414	19660	2882	17826	20774	58	148	376	85	436	13	3754	21456	13775	11378	6123	10461	45	879	13443	10573	1060	11914
Halobacteroidaceae	96	52	2710	57	1080	2299	3	9	5	1	0	0	538	880	1136	1572	2012	883	3	5	26	27	42	53
Halomonadaceae	7320	2700	1231	1001	1642	2051	116	63	154	6	13	14	419	1311	1313	603	1103	527	278	110	154	131	813	132
Haloplasmataceae	135	56	544	68	464	932	3	8	15	295	13	9	200	149	685	432	183	334	3	30	14	9	51	119
Halothiobacillaceae	1331	549	1025	529	499	932	2	9	38	11	1	0	781	1519	1605	543	528	564	9	251	29	39	186	147
HaptophyceaeOR	0	0	6	32	2	209	0	0	0	0	0	0	253	949	294	2684	11	1834	0	0	0	0	0	1
Helicobacteraceae	36	40	44	31	13	28	79	4	1	13	35	992	13	71	32	14	47	16	3010	622	3196	3215	8273	686
HolophagalesOR	0	0	0	0	0	0	64	53	110	19	113	15	0	0	0	0	0	0	363	249	488	403	860	219
HydGC-84-221APH	1	2	0	4	1	12	0	0	0	0	0	0	23	112	10	1	1	3	0	0	1	0	0	0
Hyphomicrobiaceae	0	0	2	0	4	4	586	4485	2282	1354	6552	2412	0	23	3	11	1	0	34	130	40	52	102	68
Hyphomonadaceae	36	52	47	89	29	56	136	75	1331	25	134	14	192	146	45	213	66	507	6	4	10	13	26	8
Idiomarinaceae	361	118	32	27	32	40	1	1	0	0	0	0	5	13	56	9	75	28	1	0	0	0	1	1
Ignavibacteriaceae	2	0	1	2	0	0	369	130	395	9335	3487	11209	0	0	1	1	1	0	667	386	359	342	614	127
Intrasporangiaceae	0	0	0	0	0	0	1614	355	160	21	47	2	1	2	0	0	0	1	5	14	16	13	31	8
Isosphaeraceae	4	1	9	6	7	23	0	0	0	1	0	0	8	15	12	36	5	19	0	0	0	0	0	0
JTB38	75	133	217	300	247	127	417	2800	745	71	983	368	163	153	292	202	295	132	129	82	68	74	208	20
JdFBGBact	0	0	0	0	0	0	5	58	138	27	230	6	0	0	0	0	0	0	2	0	1	0	10	0
KB1CL	1	1	1	6	31	64	0	1	1	0	0	0	176	1317	71	196	11	103	0	0	1	0	0	0
KSB1PH	1	1	0	0	0	0	3	143	29	4	20	2	0	0	1	0	0	1	5	19	47	32	151	73
Kiloniellaceae	14	28	27	23	39	23	46	342	54	31	36	29	18	11	30	9	20	4	0	0	41	36	10	58
Kordiimonadaceae	0	0	0	0	0	0	0	0	5	10	27	101	0	0	0	0	0	0	0	0	0	0	0	0
KordiimonadalesOR	143	285	105	152	83	46	3	1	2	2	1	0	72	33	160	55	161	114	7	0	15	4	95	20
Kueneniaceae	0	1	1	0	2	1	0	0	0	1	0	0	34	133	12	17	13	43	44	21	85	57	63	86
KueneniaeCL	3	3	2	3	4	4	78	52	188	437	106	140	16	123	9	17	3	2	327	196	327	313	732	275
LCP-89PH	2	2	2	10	1	18	0	0	2	0	0	2	11	404	5	5	1	15	108	139	200	163	487	262
LD1-PA13OR	0	0	0	0	0	0	121	338	135	12	179	8	0	0	0	0	0	1	344	324	269	297	389	60
Lachnospiraceae	0	0	0	0	0	0	0	1	0	88	5	7	0	3	3	0	0	1	2	12	9	20	10	12
LactobacillalesOR	6	13	30	12	16	54	0	0	0	0	0	0	4	5	59	7	29	7	2	0	0	0	0	0
Legionellaceae	0	0	0	0	0	1	47	38	13	0	32	3	101	10	0	5	0	14	0	0	0	0	0	0
LegionellalesOR	18	5	73	8	13	38	10	6	9	254	3	0	9	14	105	7	95	9	0	1	1	1	0	5
LentisphaeraeCL	1	1	0	0	3	2	0	0	0	0	0	0	2	72	16	1	3	3	0	0	0	0	0	0
LentisphaeralesOR	123	34	54	67	255	43	0	0	0	0	0	0	93	416	394	46	310	127	149	19	22	20	249	11
Leptospiraceae	76	88	135	63	66	95	29	1	24	186	21	83	201	142	231	140	301	315	210	76	92	93	183	40
Litincolaceae	37	48	52	143	72	30	2	228	25	768	19	44	33	29	50	31	75	19	38	66	35	27	51	196
MC47OR	0	0	0	0	0	0	0	44	17	854	127	472	1	0	0	0	0	0	0	1	0	0	0	0
ML615J-28CL	2266	1169	282	421	1802	308	115	3	0	2	0	20	241	550	905	609	486	566	4	16	18	6	23	31
ML635J-28	110	203	159	38	73	53	0	0	0	0	0	0	1	5	8	5	3	1	0	2	17	12	0	4
MND4	0	0	0	0	0	0	2	17	189	65	105	3	0	0	0	0	0	0	33	23	23	17	31	1
MOB7-9	6	4	4	6	18	10	0	0	0	0	0	0	16	57	13	4	0	2	108	23	59	55	119	13
MSB-5A5CL	1	0	0	0	0	0	0	0	0	2	0	0	0	0	0	0	0	0	533	287	140	127	279	41
MSB-5B5CL	19	4	6	12	15	17	0	0	0	0	0	0	61	97	42	14	10	17	80	32	136	131	133	33
MSBL2OR	1	1	6	7	7	5	0	0	0	0	0	0	41	40	22	28	14	26	0	0	0	0	0	0
MVP-15PH	0	1	12	3	6	0	0	0	3	0	0	0	4	11	281	11	320	10	0	0	0	0	0	0
MVS-40CL	0	1	0	0	0	0	2	1	32	861	5	41	0	0	0	0	0	0	103	134	90	106	270	69
Marinilabiaceae	611	393	2083	659	774	291	89	250	187	1014	345	542	996	453	2054	339	5796	3080	63	51	362	323	430	109
Mariprofundaceae	0	0	0	0	0	0	15	81	8	116	960	9328	0	2	0	0	0	0	47	31	192	204	278	10
MethanobacterialesOR	316	402	319	276	555	229	0	1	4	12	19	227	727	807	1417	455	1807	635	81	26	54	60	79	12
Methanomicrobiaceae	30	84	1	6	0	0	0	0	0	0	0	0	0	0	0	8	0	0	0	0	0	1	0	0
Methanosarcinaceae	226	239	98	72	177	111	0	0	0	0	0	0	62	39	127	30	125	16	7	77	10	11	21	7
Methylococcaceae	0	0	0	0	0	0	0	7	4	697	13	114	0	0	2	1	0	1	0	23	4	5	89	65
MethylococcalesOR	0	0	0	0	0	0	0	0	0	1	0	0	0	0	0	0	1	0	14	32	23	23	46	14
Methylophilaceae	0	0	0	0	0	0	6	0	3	4	2	0	0	0	0	0	0	0	71	57	106	91	59	17
Microbacteriaceae	16	14	8	14	13	13	0	0	0	0	1	0	208	88	37	65	35	162	1	0	1	0	0	0
Micromonosporaceae	0	0	0	0	0	0	155	216	104	7	21	1	0	0	0	0	0	1	0	4	0	1	1	1
Microthrixaceae	1	0	1	1	0	10	96	35	77	11	35	1	12	56	8	24	2	22	2	10	3	6	10	0
Moraxellaceae	0	0	0	0	0	0	141	2	39	3	3	1	0	0	0	0	0	0	0	0	0	0	0	0
Mycobacteriaceae	0	1	0	0	0	0	5	82	57	142	250	115	1	1	1	1	0	0	10	14	12	9	36	14
MyxococcalesOR	11	23	51	51	27	34	865	1157	958	709	794	948	74	100	93	88	105	133	3458	2333	2770	2804	4977	1589
NB1-i	0	0	0	0	0	0	129	1709	688	100	995	147	0	1	0	0	1	0	316	184	153	150	549	65
NB1-jOR	0	0	0	0	1	0	25	565	298	50	727	357	0	0	0	0	0	0	89	121	159	138	204	58
NKB15OR	0	0	0	0	0	0	5	25	173	4	9	0	0	0	0	0	0	0	11	3	25	20	67	5
NKB19PH	0	0	0	0	0	0	40	370	339	790	180	389	0	0	0	0	1	0	1	0	3	0	3	9
Nannocystaceae	0	2	2	2	8	7	152	344	231	26	153	24	2	7	11	0	7	3	7	3	9	10	9	1
NatranaerobialesOR	74	36	22	39	56	57	0	0	0	0	0	0	16	3	0	25	6	10	0	0	0	0	0	0
NautilialesOR	12	25	40	66	52	17	54	23	48	103	43	172	14	9	45	22	62	25	19	658	198	164	191	25758
Nitrosomonadaceae	0	0	0	0	0	0	412	570	907	323	417	21	0	2	0	0	0	0	200	111	34	32	228	4
Nitrososphaeraceae	0	0	0	1	0	0	162	469	713	41	42	1	0	0	0	0	0	0	0	2	1	0	0	1
Nitrospinaceae	0	0	0	0	0	0	4	64	5	2	44	44	0	0	0	0	0	0	2	3	1	0	2	0
Nitrospiraceae	0	0	0	0	0	0	617	992	985	288	639	24	0	0	0	0	0	0	92	78	24	22	107	13
NitrospiralesOR	0	0	1	0	0	0	0	0	0	123	11	71	0	0	0	0	0	0	0	5	10	6	12	29
Nocardioidaceae	0	0	0	0	0	0	98	30	11	27	51	24	0	0	1	0	0	1	0	1	1	1	1	3
Nostocaceae	0	0	0	0	24	9	0	0	2	0	0	1	65	110	7	169	1	152	0	0	0	0	1	0
O4D2Z37OR	0	0	0	0	0	0	0	0	0	2	0	0	0	0	0	0	0	0	261	177	382	353	646	81
OM190OR	2	4	7	10	2	2	98	653	134	66	883	432	5	2	6	11	8	5	7	17	15	6	33	22
OM60	7724	5336	3113	4426	6241	5351	2982	1791	2285	568	687	218	2116	2729	2602	2851	2484	3249	5156	5801	3114	2932	6554	1283
OP3PH	3	0	1	1	2	3	0	0	0	0	0	0	17	58	35	13	9	16	0	0	3	3	0	0
OP8_2CL	0	0	0	0	0	0	2	0	9	28	0	2	0	0	0	0	0	0	290	170	247	242	978	200
OPB11OR	3	3	13	5	7	47	8	9	8	264	4	8	15	981	59	36	8	44	305	348	690	748	1301	328
OPB56CL	154	141	272	282	279	193	18	2	12	0	5	0	371	304	278	131	309	224	23	16	48	33	69	15
OS-KCL	0	2	0	1	0	1	211	24	63	79	51	160	2	9	1	0	0	0	880	739	1637	1500	2281	589
Oceanospirillaceae	152	178	166	130	180	266	299	1236	372	125	403	502	73	219	186	203	123	89	97	176	157	152	188	103
OceanospirillalesOR	0	0	0	0	0	0	14	3	11	3	2	1	0	17	0	0	0	0	212	198	61	60	256	38
Oleiphilaceae	1	9	7	6	12	4	0	2	5	2	0	2	1	6	9	3	14	1	6	0	0	3	15	4
Opitutaceae	0	1	0	0	0	0	4	10	14	7	8	0	0	0	0	0	0	0	29	54	23	26	64	15
OpitutaeCL	0	0	0	0	0	0	116	402	323	68	488	63	0	0	0	1	0	0	7	1	2	2	6	0
PAUC34fPH	0	0	0	0	0	0	18	94	17	1	2	1	0	0	0	0	0	0	9	3	15	18	51	4
PBS-18OR	28	9	16	1	21	12	1	0	0	0	0	0	37	8	25	0	24	0	5	17	17	19	45	29
PBS-25CL	0	0	0	0	0	0	0	0	0	0	0	0	0	19	0	0	0	0	8	2	56	65	35	5
PBS-III-9OR	21	10	20	14	22	27	8	2	3	131	26	74	39	144	28	29	22	70	71	215	507	441	674	956
PRR-10	0	0	0	0	0	0	18	127	84	9	117	3	0	0	0	0	0	0	57	62	19	28	57	1
PRR-11CL	10	10	25	23	39	19	1	13	9	195	65	158	19	75	49	26	42	16	44	19	128	100	99	64
PRR-12CL	0	0	7	1	5	7	22	42	55	121	32	13	1	17	7	1	5	1	221	400	529	504	463	253
PW285CL	0	0	0	0	0	0	2	14	2	1	15	1	0	0	0	0	0	0	37	11	3	5	53	4
Paenibacillaceae	1	0	18	4	8	19	1	17	97	426	69	102	14	36	48	49	3	7	9	136	38	46	154	721
Parachlamydiaceae	3	7	63	39	21	15	0	10	4	202	9	5	52	40	51	58	67	234	0	0	2	1	1	3
Patulibacteraceae	0	0	1	0	0	0	34	39	44	1	4	0	0	0	0	0	0	0	0	0	1	0	2	0
Pelobacteraceae	551	198	518	334	1146	150	190	687	381	8173	1545	2041	39	53	269	46	27	46	79	978	2745	2315	2674	10331
Peptococcaceae	157	170	200	221	170	152	0	10	18	144	68	34	115	76	164	168	104	236	24	157	112	71	372	633
Phormidiaceae	0	1	17	1	2	2	3	1	0	0	0	0	21	55	44	8	218	3	0	0	0	0	0	0
Phycisphaeraceae	2	9	46	32	26	12	196	161	776	338	451	153	22	22	72	20	77	50	26	76	252	208	93	677
PhycisphaeraeCL	141	128	176	211	242	170	112	168	337	2626	409	1740	547	954	329	282	609	871	2002	1675	3797	3402	5560	2057
PhycisphaeralesOR	49	73	202	177	118	122	33	154	104	106	128	235	169	113	298	227	299	113	40	61	112	86	141	93
Phyllobacteriaceae	14	9	55	16	49	135	2068	2952	2960	1452	2477	1007	37	319	81	103	46	44	640	2060	904	810	1676	967
Pirellulaceae	0	0	0	0	1	0	88	1163	376	337	795	223	1	0	1	0	0	2	6	46	41	30	81	88
PirellulalesOR	304	215	1277	281	777	2298	3872	4099	4981	1741	3157	891	2063	2837	2096	3416	1583	3156	1009	2165	1221	1098	1917	2344
Piscirickettsiaceae	1382	1227	928	667	1353	833	117	614	112	6	131	18	246	521	744	289	951	338	41	21	45	48	114	15
Planctomycetaceae	76	108	319	258	88	212	3243	2509	3081	344	868	170	148	185	258	291	401	544	84	232	83	87	170	88
PlanctomycetesPH	0	0	0	0	0	0	16	9	8	23	48	162	0	0	0	0	0	0	38	36	18	16	93	25
Planococcaceae	1	0	27	0	20	224	27	41	71	20	32	19	116	912	164	464	10	129	24	111	206	184	380	1126
Porphyromonadaceae	2	35	2	6	6	0	0	0	0	8	0	0	0	3	24	3	49	17	65	60	3	7	147	15
ProteobacteriaPH	34	50	136	96	31	18	864	402	281	83	59	3	43	27	105	46	96	49	336	143	258	274	331	79
Pseudanabaenaceae	1	0	10	7	9	57	0	0	0	0	0	0	28	44	18	16	14	16	0	0	0	0	0	0
Pseudoalteromonadaceae	5	5	1	2	3	7	12	3	5	0	1	1	1	1	104	2	1	188	0	1	1	1	21	1
Pseudomonadaceae	0	0	0	0	0	3	1	0	0	0	0	0	1	287	7	1	2	17	0	0	6	9	1	3
Psychromonadaceae	0	0	0	0	0	0	0	0	0	2	3	1	0	0	0	0	0	0	18	16	10	15	47	62
Puniceicoccaceae	155	186	560	157	326	75	259	699	521	44	748	31	242	279	1421	107	2194	621	380	111	279	219	406	42
R76-B18CL	5	2	9	7	11	7	605	217	152	46	46	33	7	21	19	11	28	14	228	129	170	193	455	70
RB25CL	0	0	0	0	0	0	488	707	454	168	397	376	0	0	0	0	0	0	722	411	501	514	946	135
RF39OR	25	62	7	7	3	14	0	0	0	0	0	0	1	2	3	2	0	2	0	0	0	0	0	0
Rhabdochlamydiaceae	3	9	63	78	2	2	10	8	8	45	22	3	0	6	4	0	5	1	0	2	1	2	1	1
RhizobialesOR	23	17	59	69	26	218	1504	2719	4022	701	2169	570	2162	868	132	800	94	298	97	443	233	214	406	296
Rhodobacteraceae	24600	23575	27190	25358	18986	33028	7185	3168	5559	1278	2924	509	24794	23068	21664	30686	17840	30190	2169	3491	4632	4538	4981	1839
RhodobacteralesOR	0	0	0	0	0	0	154	575	798	79	860	64	0	2	0	0	0	0	4	2	3	4	10	1
Rhodobiaceae	0	0	0	0	0	0	9	149	380	93	607	155	0	1	0	0	0	0	0	1	1	1	0	0
Rhodocyclaceae	0	0	0	0	0	0	16	47	13	21	153	24	0	0	0	0	0	0	1	0	0	0	8	0
RhodocyclalesOR	0	0	0	0	0	0	200	237	187	1046	388	1832	0	0	0	1	0	0	485	208	262	276	591	50
Rhodospirillaceae	467	422	1589	580	1514	1065	6738	15644	18515	1758	9832	3196	829	902	1512	914	1777	1043	776	887	2095	1705	1595	2229
RhodospirillalesOR	0	0	0	0	0	0	47	70	78	6	111	28	0	0	1	0	0	0	25	20	18	12	62	6
Rhodothermaceae	1779	1394	1953	1371	3623	2853	3563	6477	6194	1439	4474	2323	588	1325	1510	863	1032	1049	206	190	490	372	283	102
Rickettsiaceae	5	30	7	11	71	43	0	0	0	0	0	0	7	2	13	9	22	19	0	0	0	0	0	0
Rubrobacteraceae	0	0	0	0	0	0	1	0	18	227	14	52	0	1	0	0	0	1	24	58	34	32	76	84
Ruminococcaceae	78	77	92	116	45	52	0	1	0	34	1	2	96	85	32	90	15	64	25	164	744	604	533	755
S0208OR	1	0	0	0	0	0	134	307	440	166	102	4	0	0	0	0	0	0	231	246	191	179	539	166
S085OR	0	0	0	1	0	0	95	481	449	154	517	113	0	0	1	0	0	0	1	1	0	0	2	0
SAW1_B6OR	0	0	0	0	0	0	1	0	0	3	0	0	0	1	0	0	0	0	131	112	319	305	382	151
SB-34OR	0	0	0	0	0	0	3	0	46	1120	1	17	0	0	0	0	0	0	39	78	64	70	128	83
SB-45OR	0	1	0	0	0	1	0	0	1	62	2	1	0	11	0	0	0	1	5	85	90	91	137	290
SBRH58CL	2	0	0	1	3	3	0	0	6	49	1	1	27	43	2	13	2	30	285	107	59	50	238	36
SC72CL	93	169	29	54	127	54	0	0	0	0	0	0	96	44	17	174	11	19	0	0	1	0	0	0
SHA-20OR	0	0	0	0	0	0	12	0	3	13	0	0	0	1	0	0	0	0	322	511	563	566	1102	242
SHA-31	0	0	1	0	0	0	1538	565	349	43	251	640	0	0	0	0	0	0	185	232	312	307	1146	172
SHA-4	621	395	478	509	701	94	0	1	0	1	0	0	250	284	218	113	185	110	87	64	324	304	313	84
SJA-28CL	0	0	0	0	0	0	1	70	20	2	23	0	0	0	0	0	0	0	25	93	6	11	21	7
SJA-4CL	342	236	91	97	169	78	344	589	234	617	992	166	88	66	39	35	25	34	0	40	83	64	11	377
SM1B09CL	0	0	0	0	0	0	11	195	217	41	381	31	0	0	1	0	0	0	0	0	0	0	0	0
SOGA31CL	1	1	0	0	1	0	510	500	540	528	949	1059	1	6	0	0	2	2	42	105	58	51	140	37
SR1PH	491	1142	207	204	86	104	0	1	0	0	0	0	60	48	229	63	167	119	0	0	0	0	4	0
SSS58AOR	2	0	2	1	3	39	0	3	5	1	1	0	282	2541	90	136	6	12	247	157	441	438	387	68
SSW63AuOR	75	81	124	158	153	43	0	1	1	13	1	14	81	150	205	130	272	70	37	122	572	440	115	803
Saccharospirillaceae	59	112	48	72	140	69	101	25	18	4	6	4	109	72	191	119	154	169	9	0	0	0	4	4
Salinisphaeraceae	0	0	0	0	0	0	0	4	0	0	0	1	1	2	2	1	0	1	0	63	84	70	22	1527
SalinisphaeralesOR	0	0	0	1	0	0	0	0	0	0	0	0	595	10	0	14	0	31	0	0	0	0	0	0
Saprospiraceae	24365	25174	15167	21405	20699	19854	6253	4368	6760	856	2424	178	3999	2270	8836	3437	16284	3199	2280	1292	522	501	2919	252
Sediment-1OR	1	0	0	0	0	0	134	393	717	496	480	88	0	0	0	0	1	1	196	167	128	165	358	72
Shewanellaceae	0	0	0	0	0	0	0	0	0	21	0	1	0	0	0	0	0	0	16	13	75	48	83	17
Simkaniaceae	1	2	55	138	5	8	6	0	2	0	3	1	19	6	54	9	92	23	10	1	40	41	20	2
Sinobacteraceae	3731	3226	2999	4049	3151	2670	8169	5224	8229	1377	3034	1084	2324	2561	1656	2370	2171	2942	13396	13810	8727	8606	17198	2995
Solibacteraceae	8	7	27	16	22	23	527	1881	1658	2751	2061	851	10	22	31	20	16	22	53	80	111	94	193	68
SolirubrobacteralesOR	1	1	2	0	3	3	1748	1886	746	589	1436	599	2	14	8	8	0	0	62	203	82	72	151	65
Spartobacteriaceae	0	0	0	0	0	0	190	31	37	2	11	0	0	0	0	0	0	0	0	0	0	0	1	0
SphingobacterialesOR	4	14	35	30	1	1	130	3344	190	644	471	778	22	20	115	6	147	49	136	123	43	45	164	21
Sphingomonadaceae	1	0	0	0	0	0	169	194	265	65	106	16	1	5	0	0	1	2	17	13	17	18	54	8
SphingomonadalesOR	1	0	3	1	1	1	1075	245	1189	306	458	115	0	6	1	1	0	2	101	153	165	158	189	36
Spirochaetaceae	4582	5489	4551	6003	5863	4448	240	95	163	1833	470	3569	7790	8160	7498	5682	9319	10227	1219	1246	3836	3158	4472	5109
SpirochaetesPH	0	0	0	0	0	0	0	0	0	0	0	0	0	1	0	0	0	1	28	23	20	18	49	13
Sporolactobacillaceae	0	0	2	0	2	10	2	10	20	71	143	288	8	27	33	37	0	9	6	24	63	46	277	377
StramenopilesOR	31	30	164	35	36	405	402	88	265	107	37	2	44575	8890	2243	4656	7453	6261	1904	672	862	795	3733	334
StreptophytaOR	0	0	0	0	4	1	95	244	410	42	422	572	1	0	0	0	0	0	3	0	1	0	14	0
Sva0725OR	4	4	6	6	18	14	343	1175	1570	1799	5732	1426	5	8	18	31	50	24	355	580	221	251	822	172
Symbiobacteriaceae	61	42	179	155	127	151	33	207	71	197	161	95	38	126	150	84	98	72	133	61	175	165	337	60
SynergistalesOR	143	121	89	177	67	200	0	0	1	0	0	0	33	20	11	124	5	11	0	1	0	0	0	0
Syntrophaceae	7	8	37	3	24	24	14	3	4	80	0	0	2	18	30	8	9	4	38	144	143	102	284	170
Syntrophobacteraceae	2	5	9	8	13	8	743	1491	1711	6799	1991	1203	12	382	27	3	8	11	3943	5076	2443	2522	6028	1993
SyntrophobacteralesOR	15	3	10	18	22	32	0	0	5	83	1	2	14	5	2	16	0	0	0	2	0	1	4	13
Syntrophomonadaceae	19	51	47	145	3	6	0	0	0	0	0	0	12	43	29	32	7	24	0	0	2	0	1	1
TG3-2CL	0	0	0	0	0	0	0	0	0	0	0	0	0	0	0	0	0	0	0	3	63	61	19	25
TK17CL	0	0	0	0	0	0	94	299	259	147	639	152	0	1	0	0	0	0	1	5	3	1	7	1
TTA_B6	15	25	26	23	1	1	0	0	0	0	0	0	0	1	0	32	0	5	0	0	0	0	3	0
TenericutesPH	216	172	33	62	168	61	0	0	0	0	0	0	37	30	18	79	8	3	0	1	0	0	0	0
ThermoanaerobacteralesOR	0	0	0	0	0	0	0	23	1	706	1	9	0	1	1	0	0	1	0	54	19	16	29	526
Thermodesulfovibrionaceae	0	1	0	0	0	0	68	4	17	776	11	7	0	1	0	1	0	0	1004	691	238	224	1853	119
ThermomicrobiaCL	0	0	0	0	0	0	0	7	7	272	59	128	0	0	0	0	0	0	0	0	0	0	1	0
ThermomicrobialesOR	1	1	7	2	1	35	1024	595	769	116	357	102	5	1	6	14	2	15	7	23	1	1	15	3
Thermomonosporaceae	0	0	0	0	0	0	0	146	8	185	11	83	0	1	1	1	0	0	0	0	1	0	0	0
ThermoplasmatalesOR	0	0	0	0	0	0	0	185	5	2351	13	130	0	0	0	8	0	0	0	4	0	0	6	0
Thermotogaceae	1146	914	1235	1646	1059	739	0	2	3	2	0	2	5744	851	797	1892	3196	5888	1	0	4	2	0	2
ThermotogalesOR	18	20	20	26	17	9	0	2	2	57	15	63	7	5	10	33	10	10	0	6	1	0	15	13
Thermovirgaceae	6	10	7	14	24	15	0	0	0	0	0	0	61	19	22	8	37	27	0	0	0	0	0	0
Thiotrichaceae	0	1	10	2	2	3	0	0	0	0	1	0	69	14	10	18	18	13	0	0	0	0	1	0
ThiotrichalesOR	0	0	0	0	0	0	28	105	24	23	197	4	0	0	0	0	0	0	0	0	0	0	0	0
Trebouxiophyceae	0	0	0	0	0	0	0	1	0	0	0	0	74	8	0	14	0	5	0	0	0	0	0	0
Ucn15732CL	0	0	0	0	0	0	2	0	1	4	0	0	0	0	0	0	0	0	18	27	16	17	39	4
Ulr1583CL	0	0	0	0	0	0	0	0	0	4	6	97	0	0	0	0	0	0	0	0	2	1	1	2
VC12-cl04CL	37	51	156	11	20	14	0	0	0	0	0	0	9	3	19	6	20	2	0	0	0	0	0	0
VHS-B5-50CL	0	0	0	0	0	0	205	169	228	28	164	8	0	0	0	0	0	1	14	74	28	23	67	18
Verruco-5CL	43	25	79	19	117	56	11	0	13	51	0	6	153	494	330	93	234	220	622	220	288	277	626	179
VerrucomicrobiaPH	12	9	26	2	18	6	0	0	3	87	5	10	24	53	40	41	56	46	0	2	6	3	1	5
Verrucomicrobiaceae	39	66	172	86	112	64	1082	384	706	72	141	19	69	89	261	246	415	472	82	147	418	374	266	151
VerrucomicrobialesOR	0	0	1	0	0	0	267	810	559	975	866	1136	0	0	0	0	0	0	301	136	90	83	283	19
Vibrionaceae	30	62	37	24	49	33	60	51	65	17	106	981	21	44	37	26	26	57	104	46	20	14	168	15
WM88CL	3	1	7	16	7	238	1	4	4	2	0	0	338	998	39	114	4	52	136	78	533	495	195	136
WPS-2PH	0	1	13	1	1	6	4	2	12	0	1	0	12	3	49	3	55	11	0	0	0	0	0	0
WS1PH	118	65	83	117	44	131	0	0	4	59	17	42	104	280	100	163	42	204	1	33	81	67	81	162
Waddliaceae	0	1	0	0	0	1	81	183	151	66	254	16	0	6	3	2	0	0	0	85	12	4	2	21
Xanthomonadaceae	0	1	0	0	0	1	115	3539	55	1773	3960	2346	3	15	14	40	0	2	8	143	16	15	30	6
XanthomonadalesOR	0	0	0	0	0	0	0	20	11	311	115	102	0	1	1	1	0	1	1	0	0	0	0	0
YS2OR	0	0	0	0	0	0	0	0	0	1	0	0	0	0	0	0	0	0	0	13	21	18	14	52
Z20OR	48	25	29	28	123	17	0	0	1	0	0	0	70	168	128	25	152	38	0	2	4	8	1	5
ZA3412c	0	0	0	0	1	0	0	768	8	70	73	991	0	0	0	0	0	0	30	53	39	38	69	170
ZB1OR	0	0	5	2	1	2	15	2	37	284	26	407	4	13	15	4	0	6	471	514	668	604	1305	813
ZB2PH	95	154	110	194	107	68	1	0	2	0	1	1	124	103	97	102	120	98	0	0	0	2	1	0
envOPS12OR	0	0	0	0	0	0	401	179	628	221	317	526	0	0	0	0	0	0	521	257	289	301	674	45
koll11CL	0	0	6	4	2	4	0	0	0	1	0	0	28	117	48	31	65	20	0	0	0	0	0	1
koll13OR	2	2	2	0	2	12	1868	2193	2155	691	2606	302	7	4	5	8	0	3	452	843	132	144	769	115
kpj58rc	0	0	0	0	0	0	0	3	0	3	1	2	0	0	0	0	0	0	78	14	44	50	86	13
mle1-48OR	0	0	0	0	0	0	70	132	155	43	455	289	0	0	0	0	0	0	0	1	0	0	1	0
ntu14	5	2	16	10	10	16	0	1	5	0	1	0	43	65	45	75	11	26	5	3	0	1	10	1
pGrfC26OR	0	0	0	0	0	0	0	0	10	321	3	35	0	2	0	0	0	0	40	82	32	28	79	93
pMC2A209CL	77	23	152	176	42	90	1	2	0	1	0	0	359	409	79	170	14	52	64	30	231	163	94	41
pMC2A33	66	60	48	220	225	302	0	5	1	0	0	1	1223	2952	277	131	10	29	17	9	70	68	88	29
so4B24	1	0	0	0	0	0	1	0	12	19	0	0	0	0	0	0	0	0	257	223	259	252	1025	106
vadinHA49CL	0	0	0	0	0	0	32	127	81	19	9	2	0	0	0	0	0	0	85	79	45	57	160	26
wb1_H11OR	0	0	0	0	0	0	98	58	175	40	50	9	0	0	0	0	0	0	196	117	50	66	223	23
wb1_P06	0	0	0	1	0	0	20	96	96	32	488	89	0	0	0	0	0	0	14	28	18	18	48	4
