#Genus	R1_A_D1	R1_A_D2	R1_B_D1	R1_B_D2	R1_C_D1	R1_C_D2	R2A_A_D1	R2A_A_D2	R2A_B_D1	R2A_B_D2	R2A_C_D1	R2A_C_D2	R2_A_D1	R2_A_D2	R2_B_D1	R2_B_D2	R2_C_D1	R2_C_D2	SF2_A_D1	SF2_A_D2	SF2_B_D1	SF2_B_D2	SF2_C_D1	SF2_C_D2
125ds10FA	0	0	0	0	0	0	0	25	78	22	47	2	0	0	0	0	0	0	0	0	0	0	0	0
4C0d-2CL	0	1	3	0	1	9	1	0	1	47	1	0	337	121	14	73	60	55	0	15	10	1	6	84
5bav_B12CL	0	0	0	0	0	0	3	1	11	937	72	310	0	0	0	0	0	0	27	39	51	52	65	93
A17	0	0	0	0	1	0	83	1087	350	221	783	215	1	0	1	0	0	2	1	2	6	3	6	2
A4bOR	0	0	0	1	0	0	4479	4199	6801	1246	5353	3989	0	0	1	2	0	0	83	115	125	128	603	76
ABY1_OD1PH	119	104	29	30	13	15	0	4	2	1	0	0	27	138	66	17	36	21	62	17	0	1	42	0
AKIW874FA	1	1	2	0	1	5	37	47	11	1	16	6	1	5	4	10	1	1	0	3	18	10	118	51
AT425_EubG1CL	0	0	0	0	0	0	0	1	1	3	0	1	0	0	0	0	0	0	27	26	147	142	180	44
Acetivibrio	78	77	92	116	45	52	0	1	0	34	1	2	96	85	32	90	15	64	25	164	744	604	533	755
AcetobacteraceaeFA	0	0	0	0	0	0	0	29	8	361	50	150	0	5	0	1	0	0	0	2	0	1	3	3
Acetohalobium	7	1	67	10	55	64	0	0	0	0	0	0	14	11	27	52	19	22	0	0	2	2	6	7
AcidimicrobialesOR	8	5	22	19	11	26	20	79	47	65	135	47	57	72	28	94	11	44	26	40	20	23	58	17
AcidithiobacillaceaeFA	0	0	0	0	0	0	63	36	2	0	10	0	0	0	0	0	0	0	0	0	0	0	0	0
Acidobacteria-5CL	0	0	0	0	0	0	25	1059	884	209	272	4	0	0	0	0	0	0	0	1	1	0	1	1
AcidobacteriaPH	0	0	0	0	0	0	201	1238	960	8558	3055	2415	0	1	0	0	0	0	240	289	280	271	837	213
AcidobacteriaceaeFA	0	0	1	0	0	2	1	487	42	2989	751	795	0	0	1	2	1	0	0	1	1	1	5	1
AcidobacterialesOR	1	0	0	0	0	0	26	725	348	138	613	169	0	0	0	0	0	0	2	2	0	1	3	0
Actinoallomurus	0	0	0	0	0	0	0	146	8	185	11	83	0	1	1	1	0	0	0	0	1	0	0	0
ActinobacteriaCL	0	0	2	0	0	0	502	331	506	2134	315	197	0	0	0	0	0	1	20	79	35	29	56	21
ActinomycetalesOR	1	3	12	7	4	51	29	2	21	6	6	0	1530	488	62	748	4	1605	51	128	33	35	128	110
Adhaeribacter	0	1	0	0	0	0	94	142	133	9	22	1	0	1	55	2	122	1	1	1	1	0	5	0
Ahrensia	0	0	0	1	2	2	844	747	939	71	204	14	0	6	1	2	0	5	26	80	30	27	79	18
AlcaligenaceaeFA	50	62	139	98	75	47	0	0	0	1	0	0	12	27	66	36	255	128	0	0	0	2	0	0
AlcanivoracaceaeFA	165	120	73	64	136	110	18	43	4	1	95	37	11	58	68	23	116	13	0	1	67	47	9	18
Alcanivorax	4	8	4	3	6	2	0	0	0	0	8	0	2	5	11	13	12	4	0	3	174	132	0	127
Algibacter	0	1	0	1	0	0	235	69	205	29	37	6	1	0	0	1	0	1	14	5	67	78	32	9
Algoriphagus	0	1	0	0	0	2	245	78	59	10	63	13	0	3	0	1	0	0	19	12	16	7	18	2
Alicyclobacillus	0	0	25	2	11	50	6	181	49	3350	6	11	24	206	427	367	8	25	19	317	75	63	440	524
Alkalilimnicola	0	0	0	0	0	0	213	344	145	62	27	4	0	3	1	7	0	1	0	5	9	2	1	107
Alkaliphilus	0	0	3	0	8	53	0	1	3	1	0	1	13	82	13	51	0	11	2	3	15	19	14	37
AlphaproteobacteriaCL	204	356	305	324	1087	257	268	1264	2687	1096	1383	842	219	340	542	503	888	763	42	28	30	37	65	12
AlteromonadaceaeFA	8	9	9	3	20	3	405	434	76	4	38	7	1	1	11	3	10	5	25	2	1	0	13	0
AlteromonadalesOR	0	0	2	0	0	0	23	59	15	5	21	3	2	3	2	3	0	0	1	0	1	1	2	3
Amaricoccus	2	1	1	1	8	4	355	265	276	119	178	27	4	54	4	13	4	2	26	26	45	41	44	15
Aminobacterium	2431	2384	1777	2094	1592	1183	0	4	3	2	1	0	1255	480	472	2634	659	1200	0	1	2	2	0	1
Ammoniphilus	0	0	3	0	0	0	1	7	83	46	37	25	1	2	3	1	0	0	1	6	1	4	47	14
Amphritea	0	0	0	0	0	0	29	288	57	31	73	54	0	0	0	0	0	0	30	42	1	3	10	1
Anaerobacillus	41	69	69	7	47	185	0	1	2	0	1	0	154	62	169	221	162	135	0	0	0	0	0	0
AnaerolinaceaeFA	0	0	0	0	0	0	189	18	38	1720	229	870	0	0	0	0	1	0	89	276	393	406	860	548
AnaerolineaeCL	40	35	85	72	57	104	607	383	643	676	1291	567	31	563	105	67	31	104	920	1665	1437	1309	2678	991
Aquicella	0	0	0	0	0	0	25	146	106	22	565	10	0	1	0	0	0	0	0	0	0	0	1	0
Aquimarina	0	0	0	0	0	0	102	75	147	299	118	0	0	0	0	0	0	0	5	2	0	0	1	1
ArchaeaKI	190	200	74	167	601	127	0	0	1	0	1	0	102	166	332	147	499	142	70	6	22	26	19	1
Arcobacter	97	109	104	104	18	20	0	0	0	1	0	0	71	173	112	20	338	218	2	0	5	1	1	1
Arenibacter	1	1	0	3	1	7	839	160	273	5	45	3	11	25	1	41	1	46	62	32	18	25	37	4
Arhodomonas	0	0	0	0	1	0	204	27	158	1	15	0	0	0	4	0	2	0	1	38	27	26	3	60
ArmatimonadetesPH	1	1	3	2	0	2	3	0	4	0	1	0	11	8	68	3	123	17	2	1	3	2	0	0
Aromatoleum	0	0	0	0	0	0	16	47	13	21	153	24	0	0	0	0	0	0	1	0	0	0	8	0
At425_EubF1FA	4	2	2	2	2	16	2	0	3	116	0	5	12	49	7	14	1	5	53	190	192	172	343	262
AurantimonadaceaeFA	0	0	0	0	0	0	63	118	131	53	339	196	3	1	0	0	0	0	0	2	0	0	2	1
B10OR	0	0	3	1	3	3	4	1	9	121	3	20	0	17	1	2	1	0	138	569	632	531	879	1179
BA021OR	2497	2049	990	2176	1453	3973	0	13	8	87	6	10	845	2088	423	1386	54	284	6	66	508	428	215	423
BB34CL	0	0	0	0	0	0	3	6	10	1	3	2	0	0	0	0	0	0	30	32	35	30	119	34
BD2-13	0	0	0	0	0	0	51	41	66	45	65	9	0	0	0	0	0	0	4	1	1	0	7	0
BD2-6	0	1	0	0	0	0	2	1	0	20	0	0	0	0	0	0	0	0	360	416	54	42	265	29
BD4-9CL	2	2	5	5	9	17	0	0	1	41	1	5	25	214	94	21	43	27	12	52	78	66	317	215
BPC102CL	2	0	0	2	0	1	165	717	467	897	902	130	0	13	2	2	0	0	205	530	325	284	505	427
BPC110OR	0	0	0	0	0	0	51	7	14	13	3	1	0	3	1	0	0	0	260	585	148	126	382	115
BacillaceaeFA	436	398	59	60	66	94	1	6	19	35	111	407	28	100	170	82	7	26	8	25	77	66	440	163
Bacillus	5	2	45	3	40	354	23	16	124	21	87	68	96	706	206	470	13	91	22	98	194	158	356	803
BacteriovoracaceaeFA	2	3	9	15	3	4	0	0	0	0	0	0	56	15	37	24	72	199	0	0	0	1	0	0
Bacteriovorax	43	36	5	14	37	24	0	0	0	0	0	0	7	2	7	12	7	6	0	0	0	0	0	0
BacteroidalesOR	14849	11591	13430	11686	16450	6648	2822	827	1734	13347	3312	13894	16041	15593	18631	8843	22763	22286	6322	8260	11899	10803	18409	15557
BacteroidetesPH	45	77	126	245	41	64	10	171	49	14	263	129	62	332	251	103	426	546	50	29	16	8	148	11
Balneola	1217	1044	978	492	1310	740	645	204	69	578	300	768	175	281	1057	211	1053	262	81	4269	1022	908	851	3388
BalneolaceaeFA	17465	17613	12964	16325	19992	11397	46	505	787	1243	649	2048	5761	6047	13668	5324	13133	6454	59	399	5914	4656	1148	7301
Bdellovibrio	60	74	176	201	65	77	0	0	1	0	2	2	118	64	116	63	163	171	0	0	1	0	0	1
Bizionia	0	0	0	0	0	0	104	44	149	9	17	1	0	1	0	0	0	0	1	0	0	0	1	0
BogoriellaceaeFA	0	0	0	0	0	0	899	288	389	18	58	2	0	0	0	0	0	0	0	0	0	0	0	0
BradyrhizobiaceaeFA	24	14	48	23	136	85	0	0	0	0	0	0	48	47	78	94	69	57	0	1	1	3	0	2
Burkholderia	6	8	9	6	12	12	5	9	11	3	3	4	12	10	9	8	9	8	7	6	12	7	21	6
BurkholderialesOR	0	0	0	0	0	0	97	252	66	5	31	0	0	0	0	1	0	0	0	1	0	0	0	0
C1_B004	2	1	0	0	0	0	25	0	13	247	22	34	0	11	0	0	1	1	348	449	681	715	1383	715
C6CL	0	0	0	0	0	0	3	3	5	19	43	30	0	0	0	0	0	0	1	2	0	0	2	0
CCM11bPH	111	95	161	50	156	383	8	1	20	211	7	81	51	225	182	269	74	114	159	25	550	482	69	725
CFB-26OR	1	0	1	0	1	2	2158	1906	1385	629	445	23	0	0	1	0	0	1	50	105	75	81	266	99
CH21CL	0	0	0	0	0	0	3	117	88	12	59	3	0	0	1	0	0	0	1	1	0	0	1	0
CL500-15OR	2	0	14	1	0	1	57	128	207	26	174	10	2	3	28	3	46	2	21	13	8	8	40	4
CL500-29FA	3	0	2	2	7	14	698	309	387	41	63	5	77	51	20	232	2	107	78	131	80	69	235	35
CTD005-82B-02OR	79	79	160	70	248	174	4	4	144	1	8	3	54	46	160	41	167	30	0	3	5	2	7	2
CV106OR	0	0	0	0	0	0	53	374	202	13	147	16	0	0	0	0	0	0	12	11	10	10	20	1
Caldilinea	0	0	0	0	0	0	89	93	90	230	112	366	0	0	0	0	0	0	16	45	10	14	16	3
CaldilineaceaeFA	0	0	0	0	0	0	140	59	67	40	5	16	0	0	0	0	0	0	117	238	54	54	191	26
CaldithrixalesOR	0	0	0	1	0	0	445	773	1340	337	2101	110	0	0	0	0	0	2	1929	1263	1801	1696	2979	556
Caminicella	9	16	40	3	42	157	0	11	45	39	63	32	73	196	82	197	11	69	9	23	56	57	242	266
CampylobacteralesOR	163	59	23	53	47	471	792	30	41	218	128	166	14	517	29	16	6	23	2251	2643	3460	3480	14788	4084
Cand. Cloacamonas	0	0	0	0	0	0	0	0	0	1	0	0	0	0	0	0	0	0	87	64	318	303	312	83
Cand. Entotheonella	0	0	0	0	0	0	63	539	296	68	297	10	0	0	0	0	0	0	1	2	1	0	0	0
Cand. Magnetobacterium	0	0	0	0	0	0	5	0	2	11	0	0	0	1	0	0	0	0	422	97	50	60	1063	32
Cand. Nitrososphaera	0	0	0	1	0	0	162	469	713	41	42	1	0	0	0	0	0	0	0	2	1	0	0	1
Cand. Rhabdochlamydia	3	9	63	78	2	2	10	8	8	45	22	3	0	6	4	0	5	1	0	2	1	2	1	1
Cand. Solibacter	8	7	27	16	22	23	527	1881	1658	2751	2061	851	10	22	31	20	16	22	53	80	111	94	193	68
CatabacteriaceaeFA	25	39	5	11	22	12	0	1	10	173	15	87	2	53	3	2	1	1	46	450	801	738	708	1969
Celerinatantimonas	0	0	0	0	0	0	8	171	2	9	103	2	0	0	0	0	0	0	0	0	0	0	0	0
CenarchaeaceaeFA	0	0	0	0	0	0	25	715	331	54	535	15	0	0	0	0	0	0	5	2	1	0	8	0
ChlamydialesOR	6	4	53	171	6	44	20	228	195	295	116	31	89	67	27	49	14	79	1	19	35	31	33	24
ChloracidobacteriaCL	0	0	0	0	0	0	32	86	96	18	165	165	0	0	0	0	0	0	2	8	2	2	1	1
ChlorobiPH	5	3	19	5	12	2	7	0	5	1	1	3	28	84	63	20	30	38	13	6	15	11	32	3
Chloroflexi-4CL	0	0	0	1	0	0	25	434	223	180	246	27	0	0	0	0	0	0	2	0	0	1	2	0
ChloroflexiPH	0	0	0	0	0	0	34	134	62	1456	88	1151	0	0	0	0	0	0	0	4	0	0	1	6
ChlorophytaOR	47	4	29	22	76	54	0	0	0	0	0	0	38	55	43	52	4	25	0	0	0	0	1	0
ChromatiaceaeFA	0	0	1	0	0	1	70	562	100	235	64	638	1	3	14	15	18	4	153	237	202	156	214	1091
ChromatialesOR	290	273	888	651	637	532	5877	4745	3580	2616	5941	6582	1052	761	996	765	1167	665	7926	10011	4924	4635	11169	3428
ChroococcalesOR	0	0	1	0	9	4	0	0	0	0	0	0	4	169	26	14	3	2	0	0	1	0	1	2
ClostridiaCL	1	0	1	1	0	0	0	60	12	269	179	150	0	2	3	1	1	0	6	116	243	215	284	353
ClostridiaceaeFA	10	3	49	6	46	118	0	1	38	46	188	844	33	74	72	84	8	28	6	6	12	15	23	11
Clostridiales Family XI. Incertae SedisFA	7690	10842	3961	4691	1992	1993	62	13	18	6	1	0	2618	758	1189	2965	888	3459	0	3	15	18	7	12
Clostridiales Family XII. Incertae SedisFA	61	101	9	23	6	46	816	8	0	0	2	0	8	28	21	42	3	56	15	2	5	5	6	0
Clostridiales Family XIII. Incertae SedisFA	493	786	1897	1982	334	301	0	2	0	0	0	0	31	13	28	126	21	31	0	0	0	2	0	7
ClostridialesOR	17693	31325	16136	19309	11841	13093	10058	126	74	39	95	149	4319	3031	8547	10048	6788	16527	166	173	366	350	581	408
Clostridium	22	26	226	28	56	53	179	1	0	1	0	0	27	16	159	31	114	25	9	79	3	0	14	3
CohaesibacteraceaeFA	160	104	377	91	265	445	28	92	342	22	22	2	107	276	275	217	235	150	1	21	53	39	23	206
Cohnella	0	0	6	0	2	7	0	7	7	349	18	57	3	8	16	14	2	4	2	35	5	3	14	7
Congregibacter	7620	5230	2892	4005	6007	4870	65	46	90	12	15	4	1466	847	2225	1650	2143	1712	86	25	34	36	64	12
CoriobacterialesOR	0	0	0	1	0	0	0	0	1	290	1	6	0	1	1	0	0	1	1	8	9	9	12	23
Corynebacterium	0	0	0	0	0	3	0	0	0	0	0	0	2	57	15	23	0	0	0	2	0	0	0	0
CoxiellaceaeFA	5	14	150	140	27	46	30	36	73	43	174	22	43	33	57	54	26	46	0	8	1	1	4	3
Croceibacter	0	0	0	0	0	0	1	42	85	1189	141	136	1	0	0	0	0	0	0	0	0	0	0	0
CryomorphaceaeFA	41	144	51	122	22	6	170	12	5	1	1	0	31	15	77	18	133	39	1	0	0	0	0	0
Cyclobacterium	16	44	73	132	18	13	87	3	25	0	2	0	22	27	111	33	155	237	0	0	0	0	0	0
Cycloclasticus	0	0	0	0	0	0	63	605	97	4	116	3	0	0	0	0	0	0	0	0	0	0	0	0
Cytophaga	0	0	0	0	1	0	99	1056	746	176	600	32	0	0	0	0	0	0	0	0	0	0	0	0
DHVE3PH	0	0	0	0	0	0	0	0	0	0	0	0	0	0	0	0	0	0	6	0	25	28	36	7
DRC31OR	0	1	0	0	1	0	1495	1410	1657	245	533	54	0	0	1	0	0	1	508	639	270	278	740	87
DS-18OR	0	0	0	0	0	0	252	126	952	11	77	5	0	0	0	0	0	0	54	68	19	29	154	24
DeferribacteraceaeFA	23	8	61	43	112	65	12	0	1	0	0	0	517	559	219	186	77	129	32	7	22	26	51	9
Dehalobacterium	1	0	1	2	1	4	0	0	0	2	0	0	2	11	4	3	1	2	29	31	60	47	140	50
DehalococcoidaceaeFA	1	2	2	3	1	4	0	0	1	174	16	88	0	6	2	1	0	0	117	170	328	281	559	333
DehalococcoidetesCL	0	0	0	0	0	0	0	0	0	2	0	0	0	0	0	0	0	0	25	39	113	90	172	54
Deinococcus	538	472	590	729	304	320	891	489	108	334	749	1314	348	468	278	479	363	321	4	158	114	103	35	388
DeltaproteobacteriaCL	369	276	1087	325	646	950	320	1128	818	1942	1519	4271	247	554	653	330	448	243	872	596	656	623	1745	912
Demequina	0	3	41	20	0	5	1	153	8	14	65	122	4	23	1	12	0	4	1	22	74	52	163	158
Desulfacinum	0	0	0	0	0	0	0	0	2	41	36	226	0	0	0	0	0	0	7	87	12	7	87	243
Desulfatibacillum	1	0	3	0	2	0	8	0	36	13	4	1	2	3	12	0	13	2	23	16	42	41	71	17
Desulfitobacter	0	1	0	0	2	5	0	0	0	10	0	1	3	2	19	12	0	2	0	11	11	16	27	132
DesulfitobacteraceaeFA	689	587	451	634	412	653	1	1	2	1	1	0	410	360	229	649	79	665	1	15	23	24	30	124
Desulfobacca	7	8	37	3	24	24	9	1	2	0	0	0	2	15	30	8	9	4	19	55	48	29	54	21
Desulfobacter	1082	1602	2915	596	1585	511	1	2	4	5	0	9	320	421	2239	556	2808	579	15	45	56	47	249	72
DesulfobacteraceaeFA	462	531	716	433	365	444	1630	228	647	4763	366	1439	336	581	964	131	3274	259	10175	12714	14446	13340	25817	11363
DesulfobacteralesOR	0	1	1	0	0	0	57	71	67	560	14	25	0	23	1	0	1	0	1887	1801	1017	989	2719	780
Desulfobacterium	542	206	1821	69	528	289	60	25	103	4055	802	4220	163	705	1860	127	4177	569	1085	1872	2098	1890	4335	2564
Desulfobacula	37	37	326	79	82	129	1	1	20	23	12	14	359	2467	2265	145	4518	820	430	109	547	504	363	115
DesulfobulbaceaeFA	88	139	473	127	234	691	4591	464	4801	13983	2643	9465	334	1807	1669	316	2296	466	14943	16837	9164	8702	22047	8429
Desulfobulbus	0	0	0	0	0	1	14	1	76	647	2359	3270	1	0	1	0	2	0	118	140	128	113	663	380
Desulfocapsa	0	0	0	0	6	10	29	2	77	11	33	177	1	16	35	2	103	2	35	37	149	150	434	94
Desulfococcus	218	69	627	160	744	445	78	12	205	691	16	140	1199	3944	2057	674	1239	761	573	556	1539	1485	1868	2122
Desulfofaba	0	0	0	0	0	0	0	0	0	0	0	0	0	0	0	0	0	0	37	119	7	4	19	10
Desulfohalobium	2280	2756	1721	1489	1685	827	0	3	4	1	0	0	1088	376	1296	1138	5367	2129	1	0	1	4	5	7
Desulfomonile	0	0	0	0	0	0	5	2	1	80	0	0	0	3	0	0	0	0	18	73	44	38	126	48
Desulfonatronospira	18	19	26	27	33	12	35	70	394	26	120	4	69	49	114	21	143	129	0	0	0	0	1	0
Desulfonatronovibrio	119	171	502	548	173	126	0	0	1	0	1	0	774	225	413	230	301	655	0	0	1	0	0	4
Desulfonatronum	2	13	69	19	7	6	0	0	0	0	0	0	4	2	7	5	56	12	0	0	0	0	0	0
Desulfosarcina	0	0	0	0	0	0	152	14	45	777	17	39	0	6	1	0	0	0	1266	1155	1537	1429	3355	1188
Desulfosporosinus	0	0	2	0	3	30	0	4	15	93	65	27	6	27	11	20	3	3	7	49	34	23	146	408
Desulfotomaculum	0	0	5	1	2	14	0	5	3	50	3	7	2	11	29	12	2	7	17	107	74	46	221	193
Desulfovermiculus	707	307	678	433	555	524	2	8	14	2	3	3	2188	3814	2453	1069	1088	2455	2	3	169	136	38	21
Desulfovibrio	473	682	798	1582	149	257	73	0	0	2	56	15444	151	96	96	392	350	405	21	25	4	7	90	12
DesulfovibrionalesOR	0	0	0	0	0	0	0	0	0	0	0	1	0	0	0	0	0	0	2	10	65	50	34	75
DesulfurellaceaeFA	326	275	602	338	686	704	2	107	173	146	885	21	329	907	745	197	576	368	39	11	349	256	54	34
Desulfurispirillum	42	70	28	22	12	11	0	0	0	0	0	0	7	1	7	0	24	16	0	0	0	0	0	1
DesulfuromonadaceaeFA	1787	547	1103	1122	1028	872	6665	4731	7459	721	11382	9472	738	5267	1705	1647	622	1568	403	268	2263	1838	1028	399
DesulfuromonadalesOR	1320	956	2237	1976	2397	1612	7203	1461	3348	1261	939	5965	582	1298	1412	723	881	840	21241	17782	22836	21491	29093	8940
Desulfuromonas	70	23	195	50	109	31	4	1	2	0	0	0	16	27	113	22	100	22	0	1	5	0	4	3
Desulfuromusa	0	0	0	0	0	0	8	12	19	4	6	5	0	3	0	0	0	0	19	6	18	18	107	46
Dethiobacter	0	0	1	0	0	0	0	0	0	17	0	0	1	3	7	5	1	3	1	9	12	8	19	60
Devosia	0	0	0	0	0	0	8	395	310	507	1767	1568	0	0	0	0	0	0	0	1	1	4	6	4
Dokdonella	0	0	0	0	0	0	111	18	0	0	2	0	0	0	0	0	0	0	0	0	0	0	0	0
E2OR	0	0	0	0	0	0	0	0	0	0	0	0	17	165	18	6	2	1	0	0	0	0	0	0
EB1017FA	0	0	0	0	0	1	1	179	50	105	425	184	1	0	0	1	0	0	0	3	0	0	0	0
EC214CL	3	8	4	7	7	3	3	309	161	243	2656	854	2	16	3	1	1	1	1	2	43	28	6	46
EctothiorhodospiraceaeFA	119	126	229	74	315	156	0	60	106	277	742	48	67	157	305	108	380	111	7	800	114	92	28	173
EpsilonproteobacteriaCL	0	0	0	0	1	0	0	0	0	4	0	0	0	0	0	0	0	0	0	0	186	189	12	0
Erythrobacter	2	4	6	25	3	6	76	26	58	18	8	0	15	67	5	82	2	231	7	9	1	2	33	6
ErythrobacteraceaeFA	131	124	403	169	141	140	96	38	125	4	13	3	166	128	279	163	478	53	4	8	10	5	100	2
EubacteriaceaeFA	14	16	6	4	11	16	0	0	0	0	0	0	2	9	10	66	1	17	0	0	0	0	0	0
Eudoraea	0	1	1	1	0	0	655	1479	2100	395	1225	601	0	4	0	1	2	0	158	417	226	223	482	125
EuryarchaeotaPH	0	0	1	0	2	3	2	2	3	13	56	142	40	48	98	9	132	32	144	62	339	365	390	52
EuzebiaceaeFA	74	22	176	89	137	200	101	27	26	1	2	0	258	197	139	297	46	95	1	0	2	0	36	2
FFCH393CL	0	0	0	0	0	0	67	33	112	9	22	2	0	0	0	0	0	1	112	76	48	52	156	15
FirmicutesPH	3	3	11	9	3	18	1	0	0	0	0	0	4	44	7	12	2	12	2	0	13	14	4	11
FlammeovirgaceaeFA	15	18	124	58	29	23	5650	5510	4547	506	2284	495	25	56	174	33	296	263	2487	2277	759	728	3212	557
FlavobacteriaCL	174	268	811	325	471	273	404	319	178	423	91	104	271	271	1541	259	1675	285	387	272	238	261	701	157
FlavobacteriaceaeFA	68	147	142	35	57	18	4139	870	1038	310	376	77	22	92	39	35	37	176	1136	1076	1412	1225	1621	451
FlexibacteraceaeFA	0	0	0	0	0	0	0	0	0	0	0	0	0	0	0	0	0	0	44	16	46	47	32	2
Formosa	0	0	0	0	0	0	159	88	24	9	142	37	0	0	0	0	0	0	0	0	1	0	0	0
Fulvivirga	0	0	1	0	0	0	46	482	72	3	53	69	0	0	0	0	0	0	2	2	0	3	23	0
FusobacteriaceaeFA	0	0	16	1	6	0	0	0	0	0	1	0	10	18	99	2	251	12	22	12	14	22	38	4
GCA004OR	6	4	13	18	2	23	2490	994	1358	640	1101	1343	69	2876	127	51	12	101	3018	2680	4093	3974	5646	1689
GN02PH	12	49	8	15	3	13	0	0	0	0	4	0	1	4	22	4	14	2	1	0	0	0	0	0
GN03OR	39	22	276	91	460	181	268	144	368	1563	641	1376	235	537	824	283	1106	239	613	336	546	458	789	119
GN04PH	0	0	0	0	0	0	0	9	4	26	38	83	0	0	0	0	0	0	61	63	137	105	143	51
GN06PH	0	0	0	0	0	0	2	0	0	5	1	0	0	0	0	0	0	0	158	184	164	134	599	79
GN09OR	12	25	69	46	39	33	0	0	2	261	1	1	139	98	306	104	290	309	84	24	333	324	767	108
GN12PH	0	0	0	0	0	0	0	5	3	54	6	74	0	1	0	0	0	0	41	30	80	74	181	112
GN13CL	14	3	25	7	14	18	4	4	15	8	7	22	30	34	21	20	16	30	32	17	24	20	71	22
GN15CL	7	12	17	35	17	13	543	256	358	2814	238	133	7	49	24	9	15	11	1412	1020	2635	2525	2722	1641
GOUTA4PH	0	0	0	0	0	0	0	1	6	67	12	99	0	0	0	0	0	0	1	16	18	24	34	50
GW-22CL	0	0	0	0	1	0	0	0	4	11	0	0	101	107	24	17	17	253	98	117	145	128	253	119
GallionellaceaeFA	0	0	0	0	0	0	1	1	0	79	364	2282	0	0	0	1	0	0	0	0	0	0	0	0
GammaproteobacteriaCL	12486	10039	9841	10422	12739	12004	12045	8436	9901	2104	5578	3153	6602	6435	7776	6660	8619	7001	5625	7473	6514	5778	9745	8642
Gelidibacter	0	0	0	0	0	1	32	558	54	6	281	427	0	0	2	0	0	0	4	0	0	4	1	0
GemmataceaeFA	0	0	0	0	0	0	166	385	540	66	207	34	0	0	0	0	0	0	1	2	0	0	1	0
GemmatimonadaceaeFA	0	0	0	0	0	0	0	1	1	21	37	64	0	0	0	0	0	0	0	0	0	0	0	0
GemmatimonadalesOR	0	0	1	0	0	0	2	736	101	452	1097	1345	0	0	0	0	0	0	1	1	0	1	0	0
GemmatimonadetesCL	495	401	386	546	642	452	1631	4688	4110	3938	6782	5223	454	675	387	423	380	661	1615	1894	1643	1486	2518	1364
Geobacter	0	0	1	1	0	0	0	15	33	959	49	1197	0	1	1	0	1	0	0	0	0	0	3	0
Geotoga	881	740	943	1083	549	608	0	1	3	2	0	1	5160	485	396	1642	2830	2219	0	0	3	2	0	1
Gramella	4	5	0	11	5	14	4925	875	442	57	150	18	6	8	7	7	0	6	21	12	7	4	25	3
H5FA	0	0	0	0	0	0	2480	1230	1394	223	459	1021	0	0	0	0	0	0	14	7	2	2	19	1
HMMVPog-54OR	0	0	0	0	0	0	1	1	4	8	0	0	0	0	0	0	0	0	131	241	159	145	290	114
HN1-15OR	0	0	0	0	0	0	179	117	107	13	17	0	0	0	0	0	0	0	0	1	0	1	0	0
HTCC2089FA	660	677	344	560	1476	640	635	1202	1095	109	650	74	272	374	691	423	677	288	903	1193	590	594	1308	287
HTCC2188FA	32	18	18	15	56	28	830	1364	775	78	169	35	16	22	78	15	134	9	567	359	234	208	673	52
Hahella	0	0	0	0	0	0	81	418	264	22	112	8	0	0	0	0	0	1	4	0	0	0	1	0
Haladaptatus	4	2	22	3	9	85	2	45	237	62	369	6	19	52	47	51	9	22	1	61	273	196	25	288
Halanaerobacter	48	27	715	22	674	1404	2	2	5	0	0	0	241	624	621	862	283	396	1	2	17	18	25	28
HalanaerobiaceaeFA	7034	3224	4837	5075	3715	2353	4	17	5	301	4	21	4039	4954	1151	2084	630	4031	6	64	79	60	142	273
Halanaerobium	3935	3936	5738	4026	2544	2490	3	7	19	6	8	0	4302	3113	3118	2035	11641	7674	1	14	30	18	4	6
HaliangiaceaeFA	0	0	0	0	0	0	10	59	29	26	366	181	0	0	1	0	0	0	344	103	288	233	461	65
Haliangium	1	0	5	3	0	4	62	63	55	24	37	247	8	60	9	4	7	8	48	50	119	94	191	85
Haloarcula	322	253	449	218	1056	1003	1	2	4	2	1	0	154	391	705	587	396	421	0	1	73	78	5	70
Halobacillus	1	0	1	0	0	1	3	9	3	4	32	10	0	7	6	5	0	1	4	2	2	0	3	8
HalobacteriaceaeFA	6015	1712	17357	2202	14781	16127	49	86	101	15	57	5	2290	13409	8355	6700	3076	4297	33	551	10601	8324	882	10595
Halobacterium	267	87	418	94	235	624	1	0	1	1	1	0	79	525	315	423	68	90	4	236	1728	1407	29	493
HalobacteroidaceaeFA	41	24	1928	25	351	831	1	7	0	1	0	0	283	245	488	658	1710	465	2	3	7	7	11	18
Halochromatium	8	3	19	11	45	22	4	0	4	1	0	0	28	169	29	109	24	23	25	18	10	12	24	5
Halococcus	0	0	8	1	3	36	0	1	0	0	0	0	7	30	33	47	2	6	0	2	2	1	11	9
Haloferax	33	12	50	18	104	114	0	1	0	0	0	0	12	16	89	36	48	20	0	3	9	5	1	5
Haloferula	16	17	32	12	45	17	238	66	124	12	19	3	14	31	47	25	68	18	3	3	4	2	9	0
Halolactibacillus	33	164	37	11	5	101	0	0	1	1	0	0	65	25	67	61	351	203	0	0	0	0	0	2
Halomicrobium	11	4	33	5	34	95	0	0	0	0	0	0	5	17	52	30	24	14	0	1	6	6	0	5
HalomonadaceaeFA	1433	125	72	64	57	102	1	1	120	1	0	14	18	157	64	80	42	27	2	0	0	0	0	2
Halomonas	5887	2575	1159	937	1585	1949	115	62	34	5	13	0	401	1154	1249	523	1061	500	276	110	154	131	813	130
Haloplanus	158	82	113	123	294	115	0	1	6	1	0	0	77	948	356	152	234	172	0	1	261	161	15	24
Haloplasma	128	54	524	62	447	855	0	2	2	1	2	0	177	109	623	362	179	308	0	0	2	3	7	1
HaloplasmataceaeFA	7	2	20	6	17	77	3	6	13	294	11	9	23	40	62	70	4	26	3	30	12	6	44	118
Halorhabdus	0	0	5	0	4	15	0	0	0	0	0	0	0	2	6	2	1	0	0	4	61	69	4	6
Halorhodospira	0	3	0	0	0	0	0	0	0	0	0	0	0	2	1	0	1	0	0	0	97	76	2	10
Halorubrum	273	225	800	183	1023	1699	2	10	24	4	8	2	987	5533	3510	2811	2188	5231	4	7	197	159	10	93
Halosimplex	49	8	113	15	189	205	0	1	3	0	0	0	31	71	122	65	49	40	0	0	32	25	12	39
Haloterrigena	12	3	29	6	40	142	1	0	0	0	0	0	30	139	38	68	10	18	0	2	10	14	13	73
Halothermothrix	0	0	0	0	0	0	0	0	0	0	0	0	1	0	0	0	0	0	1	0	4	4	98	22
Halothiobacillus	1331	549	1025	529	499	932	2	9	38	11	1	0	781	1519	1605	543	528	564	9	251	29	39	186	147
Halovivax	95	26	255	14	50	500	1	1	0	0	0	0	62	311	142	393	17	128	2	9	147	92	48	199
HaptophyceaeOR	0	0	6	32	2	209	0	0	0	0	0	0	253	949	294	2684	11	1834	0	0	0	0	0	1
HolophagalesOR	0	0	0	0	0	0	64	53	110	19	113	15	0	0	0	0	0	0	363	249	488	403	860	219
HydGC-84-221APH	1	2	0	4	1	12	0	0	0	0	0	0	23	112	10	1	1	3	0	0	1	0	0	0
HyphomicrobiaceaeFA	0	0	1	0	2	3	493	3504	1618	477	3546	395	0	21	3	5	1	0	30	122	37	45	92	60
HyphomonadaceaeFA	25	24	7	18	9	32	128	72	1322	22	73	13	31	107	12	171	4	447	2	0	1	0	2	0
Hyphomonas	0	1	0	0	0	0	6	3	9	3	61	1	0	2	0	0	0	1	4	4	9	13	24	8
IE043	485	476	537	466	673	458	2	8	8	82	35	42	465	1301	776	362	688	626	11	158	1091	853	369	1619
IF058	8	3	14	48	11	7	0	0	3	5	0	24	6	8	33	5	19	22	23	106	218	165	264	506
Idiomarina	326	80	29	21	26	22	1	0	0	0	0	0	1	5	35	3	53	10	0	0	0	0	0	1
IgnavibacteriaceaeFA	2	0	1	2	0	0	362	130	393	8978	3486	11198	0	0	1	1	0	0	663	382	355	338	591	124
Ignavibacterium	0	0	0	0	0	0	7	0	2	357	1	11	0	0	0	0	1	0	4	4	4	4	23	3
Inquilinus	23	33	210	63	140	83	226	324	635	39	59	2	65	74	210	110	278	59	3	3	4	0	2	2
IntrasporangiaceaeFA	0	0	0	0	0	0	1573	337	115	20	39	2	1	2	0	0	0	1	4	12	15	13	29	8
IsosphaeraceaeFA	4	1	9	6	7	23	0	0	0	1	0	0	8	15	12	36	5	19	0	0	0	0	0	0
JTB38FA	75	133	217	300	247	127	417	2800	745	71	983	368	163	153	292	202	295	132	129	82	68	74	208	20
Jannaschia	776	671	531	340	281	476	199	33	53	5	7	1	171	254	365	292	405	270	10	16	15	4	25	5
JdFBGBactFA	0	0	0	0	0	0	5	58	138	27	230	6	0	0	0	0	0	0	2	0	1	0	10	0
KB1CL	1	1	1	6	31	64	0	1	1	0	0	0	176	1317	71	196	11	103	0	0	1	0	0	0
KSA2	263	355	615	370	508	327	38	8	25	23	8	27	413	617	1015	428	1386	2162	235	104	268	236	549	228
KSB1PH	1	1	0	0	0	0	3	143	29	4	20	2	0	0	1	0	0	1	5	19	47	32	151	73
Kiloniella	12	24	22	17	31	19	25	234	14	3	29	28	8	6	10	5	5	2	0	0	0	1	2	0
KiloniellaceaeFA	2	4	5	6	8	4	0	0	1	0	0	0	10	5	20	4	15	2	0	0	38	35	4	58
Knoellia	0	0	0	0	0	0	41	18	45	1	8	0	0	0	0	0	0	0	1	2	1	0	2	0
KordiimonadalesOR	143	285	105	152	83	46	3	1	2	2	1	0	72	33	160	55	161	114	7	0	15	4	95	20
Kordiimonas	0	0	0	0	0	0	0	0	5	10	27	101	0	0	0	0	0	0	0	0	0	0	0	0
KueneniaceaeFA	0	1	1	0	2	1	0	0	0	1	0	0	34	133	12	17	13	43	44	21	85	57	63	86
KueneniaeCL	3	3	2	3	4	4	78	52	188	437	106	140	16	123	9	17	3	2	327	196	327	313	732	275
LCP-6	0	0	0	0	0	0	0	0	7	736	7	7	0	0	0	1	0	0	136	91	122	102	342	46
LCP-89PH	2	2	2	10	1	18	0	0	2	0	0	2	11	404	5	5	1	15	108	139	200	163	487	262
LD1-PA13OR	0	0	0	0	0	0	121	338	135	12	179	8	0	0	0	0	0	1	344	324	269	297	389	60
Labrenzia	0	0	0	0	0	0	4	26	32	1	111	0	0	0	0	0	0	0	0	0	0	0	0	0
LachnospiraceaeFA	0	0	0	0	0	0	0	1	0	88	5	7	0	3	3	0	0	1	2	12	9	20	10	12
Lacinutrix	0	5	17	14	3	5	46	278	248	36	37	2	6	43	31	11	42	6	2	1	2	2	2	0
LactobacillalesOR	6	13	30	12	16	54	0	0	0	0	0	0	4	5	59	7	29	7	2	0	0	0	0	0
Legionella	0	0	0	0	0	1	0	1	0	0	0	0	101	10	0	5	0	14	0	0	0	0	0	0
LegionellaceaeFA	0	0	0	0	0	0	47	37	13	0	32	3	0	0	0	0	0	0	0	0	0	0	0	0
LegionellalesOR	18	5	73	8	13	38	10	6	9	254	3	0	9	14	105	7	95	9	0	1	1	1	0	5
LentisphaeraeCL	1	1	0	0	3	2	0	0	0	0	0	0	2	72	16	1	3	3	0	0	0	0	0	0
LentisphaeralesOR	123	34	54	67	255	43	0	0	0	0	0	0	93	416	394	46	310	127	149	19	22	20	249	11
Leptolyngbya	1	0	10	7	9	57	0	0	0	0	0	0	28	44	18	16	14	16	0	0	0	0	0	0
Levilinea	0	0	0	1	0	0	1266	1372	1649	128	1123	153	0	5	0	0	0	1	192	89	141	142	292	100
Lewinella	2	1	2	2	1	1	1102	1500	1375	198	482	26	1	2	0	1	1	3	1085	436	114	121	799	45
LitincolaceaeFA	37	48	52	143	72	30	2	228	25	768	19	44	33	29	50	31	75	19	38	66	35	27	51	196
Loktanella	32	61	66	63	15	76	570	54	314	46	28	7	71	451	62	254	37	179	597	458	2226	2209	1102	368
Luteolibacter	6	2	16	4	1	1	141	20	94	2	12	2	4	7	57	3	103	15	29	44	391	330	155	120
Lutibacterium	6	5	3	5	5	5	321	61	93	13	46	2	2	18	2	4	3	7	22	23	23	21	63	9
Lutimonas	0	1	3	4	1	2	202	35	118	101	27	6	1	13	0	2	0	6	1379	2874	1475	1388	2374	843
Lysinibacillus	0	0	6	0	8	67	7	22	31	8	14	0	31	224	46	99	1	36	16	54	88	70	153	387
MC18	0	0	0	0	0	0	190	31	37	2	11	0	0	0	0	0	0	0	0	0	0	0	1	0
MC47OR	0	0	0	0	0	0	0	44	17	854	127	472	1	0	0	0	0	0	0	1	0	0	0	0
ML110J-20	9	10	7	9	11	5	0	0	0	1	0	0	1	4	17	2	21	6	0	0	0	0	0	0
ML615J-28CL	2266	1169	282	421	1802	308	115	3	0	2	0	20	241	550	905	609	486	566	4	16	18	6	23	31
ML635J-28FA	110	203	159	38	73	53	0	0	0	0	0	0	1	5	8	5	3	1	0	2	17	12	0	4
MND4FA	0	0	0	0	0	0	2	17	189	65	105	3	0	0	0	0	0	0	33	23	23	17	31	1
MOB7-9FA	6	4	4	6	18	10	0	0	0	0	0	0	16	57	13	4	0	2	108	23	59	55	119	13
MSB-5A5CL	1	0	0	0	0	0	0	0	0	2	0	0	0	0	0	0	0	0	533	287	140	127	279	41
MSB-5B5CL	19	4	6	12	15	17	0	0	0	0	0	0	61	97	42	14	10	17	80	32	136	131	133	33
MSBL2OR	1	1	6	7	7	5	0	0	0	0	0	0	41	40	22	28	14	26	0	0	0	0	0	0
MSBL3	0	0	0	0	0	0	50	18	53	4	5	1	0	2	0	0	0	0	23	82	20	37	56	25
MVP-15PH	0	1	12	3	6	0	0	0	3	0	0	0	4	11	281	11	320	10	0	0	0	0	0	0
MVS-40CL	0	1	0	0	0	0	2	1	32	861	5	41	0	0	0	0	0	0	103	134	90	106	270	69
Maribacter	1	3	1	9	0	24	10	2	8	0	0	0	165	501	27	902	4	4249	25	18	112	91	66	14
Maribius	1	2	3	3	0	1	21	13	34	8	15	0	4	6	2	8	0	12	0	1	0	1	3	0
Marinibacillus	1	0	14	0	11	98	0	9	10	6	7	10	56	492	86	277	4	62	2	38	78	78	163	601
MarinilabiaceaeFA	611	393	2083	659	774	291	89	250	187	1014	345	542	996	453	2054	339	5796	3080	63	51	362	323	430	109
Marinobacter	12213	14819	9185	8344	13006	11955	4198	993	1382	128	131	13	2089	2348	11749	2847	14005	2243	519	253	91	96	678	107
Marinobacterium	0	1	0	0	0	0	0	0	3	6	0	0	0	4	0	0	1	0	17	68	6	1	44	1
Marinomonas	1	0	0	0	0	0	7	146	22	2	16	0	3	1	0	1	0	2	0	0	0	0	1	0
Marinovum	9630	10942	11662	10978	8251	13519	246	115	199	47	81	5	14037	8516	9291	13703	7237	8328	27	35	62	57	76	44
Mariprofundus	0	0	0	0	0	0	15	81	8	116	960	9328	0	2	0	0	0	0	47	31	192	204	278	10
Marivita	7760	6330	5644	6374	5077	10367	242	37	137	19	24	9	3569	3500	6177	5785	4582	5708	22	23	14	15	72	36
Marmoricola	0	0	0	0	0	0	0	7	1	26	44	24	0	0	1	0	0	1	0	0	0	0	0	1
Mesonia	14	19	3	5	3	2	35	3	8	0	0	0	0	1	1	2	9	2	0	0	0	0	0	0
Mesorhizobium	0	0	1	0	0	0	46	48	157	24	63	2	1	11	1	0	0	2	2	12	8	3	21	10
MethanobacterialesOR	316	402	319	276	555	229	0	1	4	12	19	227	727	807	1417	455	1807	635	81	26	54	60	79	12
Methanococcoides	2	1	2	1	0	0	0	0	0	0	0	0	0	0	0	2	0	1	5	77	7	8	16	4
Methanogenium	30	84	1	6	0	0	0	0	0	0	0	0	0	0	0	8	0	0	0	0	0	1	0	0
Methanohalophilus	19	11	4	4	17	4	0	0	0	0	0	0	27	21	5	5	2	6	0	0	0	0	1	0
Methanolobus	205	227	92	67	160	107	0	0	0	0	0	0	35	18	122	23	123	9	2	0	3	3	4	3
MethylococcalesOR	0	0	0	0	0	0	0	0	0	1	0	0	0	0	0	0	1	0	14	32	23	23	46	14
Methylococcus	0	0	0	0	0	0	0	7	3	550	13	108	0	0	2	1	0	1	0	23	4	5	89	65
Methylomicrobium	0	0	0	0	0	0	0	0	1	147	0	6	0	0	0	0	0	0	0	0	0	0	0	0
Methylophaga	1251	1042	311	422	1220	648	53	5	12	0	12	1	128	376	531	206	361	184	39	9	20	22	64	11
Methylotenera	0	0	0	0	0	0	6	0	3	4	2	0	0	0	0	0	0	0	71	57	106	91	59	17
MicrobacteriaceaeFA	4	2	6	3	1	1	0	0	0	0	0	0	42	28	28	26	29	92	0	0	0	0	0	0
Microbulbifer	0	0	1	0	0	0	999	1270	1210	146	225	3	0	1	1	0	0	2	5	19	8	5	2	3
Microcella	12	12	2	11	12	12	0	0	0	0	1	0	166	60	9	39	6	70	1	0	1	0	0	0
Microcoleus	0	0	0	0	0	0	3	1	0	0	0	0	0	1	25	0	164	3	0	0	0	0	0	0
MicromonosporaceaeFA	0	0	0	0	0	0	155	216	104	7	21	1	0	0	0	0	0	1	0	4	0	1	1	1
MicrothrixaceaeFA	1	0	1	1	0	10	96	35	77	11	35	1	12	56	8	24	2	22	2	10	3	6	10	0
Muricauda	89	125	244	293	77	145	173	148	211	13	74	4	107	138	191	171	181	124	3	5	7	8	91	12
Mycobacterium	0	1	0	0	0	0	5	82	57	142	250	115	1	1	1	1	0	0	10	14	12	9	36	14
MyxococcalesOR	11	23	51	51	27	34	865	1157	958	709	794	948	74	100	93	88	105	133	3458	2333	2770	2804	4977	1589
NB1-iFA	0	0	0	0	0	0	129	1709	688	100	995	147	0	1	0	0	1	0	316	184	153	150	549	65
NB1-jOR	0	0	0	0	1	0	25	565	298	50	727	357	0	0	0	0	0	0	89	121	159	138	204	58
ND137	6	8	27	36	8	14	93	17	3	0	17	1	14	2	31	13	24	10	0	0	0	0	12	2
NKB15OR	0	0	0	0	0	0	5	25	173	4	9	0	0	0	0	0	0	0	11	3	25	20	67	5
NKB19PH	0	0	0	0	0	0	40	370	339	790	180	389	0	0	0	0	1	0	1	0	3	0	3	9
NannocystaceaeFA	0	0	0	0	0	0	67	52	65	22	139	6	0	0	0	0	0	0	0	0	0	0	0	0
NatranaerobialesOR	74	36	22	39	56	57	0	0	0	0	0	0	16	3	0	25	6	10	0	0	0	0	0	0
Natronincola	3	1	26	0	15	54	0	0	0	0	0	0	12	5	18	19	5	3	0	0	0	1	0	0
Natronobacillus	6	1	64	2	47	212	2	2	7	1	2	4	45	71	114	87	23	40	0	1	5	1	3	7
Natronorubrum	2	0	8	0	4	14	1	0	0	0	0	0	1	12	5	13	1	2	1	1	43	36	5	15
NautilialesOR	12	25	40	66	52	17	54	23	48	103	43	172	14	9	45	22	62	25	19	658	198	164	191	25758
Nereida	4	1	17	5	15	11	1	0	1	1	2	0	7	39	9	24	5	74	0	1	2	0	2	0
Nevskia	0	0	0	0	0	0	0	1	0	3	29	65	0	0	1	10	0	0	1	0	0	0	0	0
NitrosomonadaceaeFA	0	0	0	0	0	0	52	305	869	295	389	20	0	0	0	0	0	0	31	12	6	6	28	0
Nitrosomonas	0	0	0	0	0	0	360	265	38	28	28	1	0	2	0	0	0	0	169	99	28	26	200	4
Nitrosopumilus	0	0	0	0	0	0	163	588	434	135	2176	328	0	1	0	0	0	0	46	20	6	2	108	6
Nitrospina	0	0	0	0	0	0	4	64	5	2	44	44	0	0	0	0	0	0	2	3	1	0	2	0
Nitrospira	0	0	0	0	0	0	617	992	985	288	639	24	0	0	0	0	0	0	92	78	24	22	107	13
NitrospiralesOR	0	0	1	0	0	0	0	0	0	123	11	71	0	0	0	0	0	0	0	5	10	6	12	29
NostocaceaeFA	0	0	0	0	24	9	0	0	2	0	0	1	65	110	7	169	1	152	0	0	0	0	1	0
Novosphingobium	1	0	0	0	0	0	60	83	33	40	42	14	1	3	0	0	1	1	1	1	3	1	14	4
O4D2Z37OR	0	0	0	0	0	0	0	0	0	2	0	0	0	0	0	0	0	0	261	177	382	353	646	81
OM190OR	2	4	7	10	2	2	98	653	134	66	883	432	5	2	6	11	8	5	7	17	15	6	33	22
OM60FA	104	106	221	421	234	481	2917	1745	2195	556	672	214	650	1882	377	1201	341	1537	5070	5776	3080	2896	6490	1271
OP3PH	3	0	1	1	2	3	0	0	0	0	0	0	17	58	35	13	9	16	0	0	3	3	0	0
OP8_2CL	0	0	0	0	0	0	2	0	9	28	0	2	0	0	0	0	0	0	290	170	247	242	978	200
OPB11OR	3	3	13	5	7	47	8	9	8	264	4	8	15	981	59	36	8	44	305	348	690	748	1301	328
OPB56CL	154	141	272	282	279	193	18	2	12	0	5	0	371	304	278	131	309	224	23	16	48	33	69	15
OS-KCL	0	2	0	1	0	1	211	24	63	79	51	160	2	9	1	0	0	0	880	739	1637	1500	2281	589
Oceanibulbus	5	3	0	4	1	16	729	261	631	124	99	11	15	108	7	25	1	50	115	202	110	101	251	67
Oceanicaulis	11	27	40	71	20	24	2	0	0	0	0	0	161	37	33	42	62	59	0	0	0	0	0	0
Oceanicola	2048	1679	2589	1475	1900	2005	317	190	225	39	70	33	739	428	1267	641	2008	677	21	20	30	34	46	17
OceanospirillaceaeFA	151	177	166	130	180	266	263	802	290	86	314	448	70	214	186	202	122	87	50	66	150	148	133	101
OceanospirillalesOR	0	0	0	0	0	0	14	3	11	3	2	1	0	17	0	0	0	0	212	198	61	60	256	38
Octadecabacter	7	7	14	14	4	27	278	45	228	37	30	1	19	301	20	57	2	79	165	195	275	264	371	86
OleiphilaceaeFA	1	9	7	6	12	4	0	2	5	2	0	2	1	6	9	3	14	1	6	0	0	3	15	4
Olleya	0	0	1	0	0	0	814	1222	1278	118	500	58	0	1	0	0	0	2	45	28	23	8	64	18
OpitutaceaeFA	0	1	0	0	0	0	4	10	14	7	8	0	0	0	0	0	0	0	29	54	23	26	64	15
OpitutaeCL	0	0	0	0	0	0	116	402	323	68	488	63	0	0	0	1	0	0	7	1	2	2	6	0
P30-6	0	0	4	0	3	0	5	0	2	1	0	0	2	13	108	1	25	1	57	14	154	127	215	739
PAUC34fPH	0	0	0	0	0	0	18	94	17	1	2	1	0	0	0	0	0	0	9	3	15	18	51	4
PBS-18OR	28	9	16	1	21	12	1	0	0	0	0	0	37	8	25	0	24	0	5	17	17	19	45	29
PBS-25CL	0	0	0	0	0	0	0	0	0	0	0	0	0	19	0	0	0	0	8	2	56	65	35	5
PBS-III-9OR	21	10	20	14	22	27	8	2	3	131	26	74	39	144	28	29	22	70	71	215	507	441	674	956
PRR-10FA	0	0	0	0	0	0	18	127	84	9	117	3	0	0	0	0	0	0	57	62	19	28	57	1
PRR-11CL	10	10	25	23	39	19	1	13	9	195	65	158	19	75	49	26	42	16	44	19	128	100	99	64
PRR-12CL	0	0	7	1	5	7	22	42	55	121	32	13	1	17	7	1	5	1	221	400	529	504	463	253
PW285CL	0	0	0	0	0	0	2	14	2	1	15	1	0	0	0	0	0	0	37	11	3	5	53	4
PaenibacillaceaeFA	0	0	2	0	3	3	0	1	1	25	5	0	4	4	12	15	0	1	5	58	7	11	38	663
Paenibacillus	1	0	7	4	3	9	0	2	6	6	9	20	6	22	17	19	1	2	1	37	25	28	55	37
Paenisporosarcina	0	0	7	0	1	59	20	10	30	6	11	9	29	196	32	88	5	31	6	19	40	36	64	138
Parachlamydia	0	0	0	0	0	0	0	8	1	200	8	5	0	0	0	0	0	0	0	0	0	0	1	0
ParachlamydiaceaeFA	3	7	63	39	21	15	0	2	3	2	1	0	52	40	51	58	67	234	0	0	2	1	0	3
Patulibacter	0	0	1	0	0	0	34	39	44	1	4	0	0	0	0	0	0	0	0	0	1	0	2	0
Pelagicoccus	0	0	0	0	0	0	65	90	79	1	10	2	0	1	0	0	0	0	0	0	0	0	10	0
Pelobacter	551	198	518	334	1146	150	190	687	381	8173	1545	2041	39	53	269	46	27	46	79	978	2745	2315	2674	10331
PeptococcaceaeFA	157	170	193	220	165	108	0	1	0	1	0	0	107	38	124	136	99	226	0	1	4	2	5	32
Phaeobacter	100	105	99	86	71	113	438	178	190	40	38	4	83	119	76	111	60	71	25	26	61	50	58	9
Phenylobacterium	0	0	0	0	0	0	8	26	33	0	546	10	0	0	1	1	0	1	0	0	0	0	0	0
PhormidiaceaeFA	0	1	17	1	2	2	0	0	0	0	0	0	21	54	19	8	54	0	0	0	0	0	0	0
Photobacterium	0	0	0	0	1	0	0	0	0	0	0	0	0	0	0	0	0	0	73	34	12	9	39	2
PhycisphaeraceaeFA	2	9	46	32	26	12	196	161	776	338	451	153	22	22	72	20	77	50	26	76	252	208	93	677
PhycisphaeraeCL	141	128	176	211	242	170	112	168	337	2626	409	1740	547	954	329	282	609	871	2002	1675	3797	3402	5560	2057
PhycisphaeralesOR	49	73	202	177	118	122	33	154	104	106	128	235	169	113	298	227	299	113	40	61	112	86	141	93
PhyllobacteriaceaeFA	14	9	54	15	47	133	1178	2157	1864	1357	2210	991	36	302	79	101	46	37	612	1968	866	780	1576	939
Pimelobacter	0	0	0	0	0	0	98	23	10	1	7	0	0	0	0	0	0	0	0	1	1	1	1	2
PirellulaceaeFA	0	0	0	0	0	0	5	76	26	116	12	8	0	0	0	0	0	0	5	44	35	27	75	86
PirellulalesOR	304	215	1277	281	777	2298	3872	4099	4981	1741	3157	891	2063	2837	2096	3416	1583	3156	1009	2165	1221	1098	1917	2344
PiscirickettsiaceaeFA	0	0	0	0	0	0	0	3	2	1	3	12	1	2	0	0	0	5	1	11	16	18	23	3
Planctomyces	76	108	319	258	88	212	3243	2509	3081	344	868	170	148	185	258	291	401	544	84	232	83	87	170	88
PlanctomycetesPH	0	0	0	0	0	0	16	9	8	23	48	162	0	0	0	0	0	0	38	36	18	16	93	25
Plesiocystis	0	2	2	2	8	7	85	292	166	4	14	18	2	7	11	0	7	3	7	3	9	10	9	1
Polaribacter	6	3	3	3	0	7	11	2	9	2	1	1	0	1	2	1	0	15	1	0	1	0	83	13
Pontibacillus	12	1	6	0	8	30	0	3	1	1	5	18	7	11	13	14	0	10	1	9	14	16	20	93
Pontibacter	0	0	0	0	0	1	0	0	0	0	1	0	2	56	3	13	1	3	0	0	11	2	3	10
Porphyrobacter	0	0	0	0	0	2	286	43	215	22	37	4	1	4	1	2	0	4	82	90	39	31	182	17
PorphyromonadaceaeFA	2	35	2	6	6	0	0	0	0	8	0	0	0	3	24	3	49	17	65	60	3	7	147	15
Propionigenium	0	0	0	1	0	0	0	0	0	2	0	0	0	0	0	1	0	0	280	166	63	63	468	20
ProteobacteriaPH	34	50	136	96	31	18	864	402	281	83	59	3	43	27	105	46	96	49	336	143	258	274	331	79
Pseudidiomarina	35	38	3	6	6	18	0	1	0	0	0	0	4	8	21	6	22	18	1	0	0	0	1	0
Pseudoalteromonas	5	5	1	2	3	7	12	3	5	0	1	1	1	1	104	2	1	188	0	1	1	1	21	1
Pseudomonas	0	0	0	0	0	3	1	0	0	0	0	0	1	287	7	1	2	17	0	0	6	9	1	3
Pseudoruegeria	1	2	2	2	0	0	78	88	167	31	72	3	2	6	1	2	0	5	1	3	12	14	18	3
Psychrobacter	0	0	0	0	0	0	141	2	39	3	3	1	0	0	0	0	0	0	0	0	0	0	0	0
Psychroflexus	208	357	2028	254	195	133	5	1	2	1	0	0	224	157	926	131	2949	146	1	0	2	0	6	4
Psychromonas	0	0	0	0	0	0	0	0	0	2	3	1	0	0	0	0	0	0	18	16	10	15	47	62
Pullulanibacillus	0	0	2	0	2	10	0	7	8	33	78	156	7	20	28	33	0	9	6	15	58	44	275	184
PuniceicoccaceaeFA	155	186	560	157	326	75	194	609	442	43	738	29	242	278	1421	107	2194	621	380	111	279	219	396	42
R76-B18CL	5	2	9	7	11	7	605	217	152	46	46	33	7	21	19	11	28	14	228	129	170	193	455	70
RB25CL	0	0	0	0	0	0	488	707	454	168	397	376	0	0	0	0	0	0	722	411	501	514	946	135
RF39OR	25	62	7	7	3	14	0	0	0	0	0	0	1	2	3	2	0	2	0	0	0	0	0	0
Reinekea	6	9	4	1	8	9	75	13	8	0	1	2	7	3	5	2	0	3	8	0	0	0	4	2
RhizobialesOR	23	17	59	69	26	218	1504	2719	4022	701	2169	570	2162	868	132	800	94	298	97	443	233	214	406	296
RhodobacteraceaeFA	2798	2391	4859	4648	2455	4503	2501	976	1834	225	707	166	5170	8177	3270	8631	2612	13719	494	1257	904	886	1474	693
RhodobacteralesOR	0	0	0	0	0	0	154	575	798	79	860	64	0	2	0	0	0	0	4	2	3	4	10	1
RhodobiaceaeFA	0	0	0	0	0	0	9	149	380	93	607	155	0	1	0	0	0	0	0	1	1	1	0	0
RhodocyclalesOR	0	0	0	0	0	0	200	237	187	1046	388	1832	0	0	0	1	0	0	485	208	262	276	591	50
Rhodoplanes	0	0	1	0	2	1	85	586	354	370	1239	449	0	2	0	6	0	0	4	7	2	3	4	4
RhodospirillaceaeFA	320	273	1054	441	1070	786	6512	15317	17876	1712	9633	3135	729	795	1001	761	1164	965	772	884	2040	1655	1581	2217
RhodospirillalesOR	0	0	0	0	0	0	47	70	78	6	111	28	0	0	1	0	0	0	25	20	18	12	62	6
Rhodothalassium	0	0	0	0	0	0	0	2	2	6	138	59	0	0	0	0	0	0	0	0	0	0	0	0
RhodothermaceaeFA	256	247	356	537	179	311	3324	5350	5287	1419	4030	2305	115	215	240	268	209	408	206	189	90	55	253	45
Rhodovibrio	124	116	325	76	304	196	0	1	2	1	2	0	35	33	301	43	335	19	1	0	51	50	12	10
Rhodovulum	25	31	113	48	36	67	12	133	121	15	133	1	92	78	104	179	134	68	3	1	1	0	7	0
RickettsiaceaeFA	5	30	7	11	71	43	0	0	0	0	0	0	7	2	13	9	22	19	0	0	0	0	0	0
Robiginitalea	0	1	1	2	0	0	34	11	10	3	4	0	0	16	0	1	1	0	142	411	152	141	302	89
Roseisalinus	3	3	3	9	1	5	103	101	103	17	25	3	3	17	6	13	2	17	11	10	11	16	28	2
Roseivirga	55	145	49	69	75	37	255	725	451	192	613	439	12	15	106	20	211	27	0	1	1	1	11	0
Roseivivax	1343	1275	1388	1107	832	1685	79	22	71	26	12	2	587	599	886	660	680	631	6	10	19	21	23	26
Roseovarius	63	70	194	200	38	147	180	68	140	15	33	6	214	144	110	271	65	272	10	10	16	7	16	5
Rubritalea	0	0	0	0	0	0	63	59	12	12	19	1	0	0	0	0	0	0	0	0	0	0	0	0
RubrobacteraceaeFA	0	0	0	0	0	0	1	0	18	227	14	52	0	1	0	0	0	1	24	58	34	32	76	84
S0208OR	1	0	0	0	0	0	134	307	440	166	102	4	0	0	0	0	0	0	231	246	191	179	539	166
S085OR	0	0	0	1	0	0	95	481	449	154	517	113	0	0	1	0	0	0	1	1	0	0	2	0
SAW1_B6OR	0	0	0	0	0	0	1	0	0	3	0	0	0	1	0	0	0	0	131	112	319	305	382	151
SB-34OR	0	0	0	0	0	0	3	0	46	1120	1	17	0	0	0	0	0	0	39	78	64	70	128	83
SB-45OR	0	1	0	0	0	1	0	0	1	62	2	1	0	11	0	0	0	1	5	85	90	91	137	290
SBRH58CL	2	0	0	1	3	3	0	0	6	49	1	1	27	43	2	13	2	30	285	107	59	50	238	36
SC72CL	93	169	29	54	127	54	0	0	0	0	0	0	96	44	17	174	11	19	0	0	1	0	0	0
SHA-20OR	0	0	0	0	0	0	12	0	3	13	0	0	0	1	0	0	0	0	322	511	563	566	1102	242
SHA-31FA	0	0	1	0	0	0	1538	565	349	43	251	640	0	0	0	0	0	0	185	232	312	307	1146	172
SHD-231	0	0	0	0	0	0	0	0	0	0	0	0	0	0	0	0	0	0	0	39	35	41	48	26
SJA-28CL	0	0	0	0	0	0	1	70	20	2	23	0	0	0	0	0	0	0	25	93	6	11	21	7
SJA-4CL	342	236	91	97	169	78	344	589	234	617	992	166	88	66	39	35	25	34	0	40	83	64	11	377
SJA-88	76	88	135	63	66	95	29	1	24	186	21	83	201	142	231	140	301	315	210	76	92	93	183	40
SM1B09CL	0	0	0	0	0	0	11	195	217	41	381	31	0	0	1	0	0	0	0	0	0	0	0	0
SOGA31CL	1	1	0	0	1	0	510	500	540	528	949	1059	1	6	0	0	2	2	42	105	58	51	140	37
SR1PH	491	1142	207	204	86	104	0	1	0	0	0	0	60	48	229	63	167	119	0	0	0	0	4	0
SSS58AOR	2	0	2	1	3	39	0	3	5	1	1	0	282	2541	90	136	6	12	247	157	441	438	387	68
SSW63AuOR	75	81	124	158	153	43	0	1	1	13	1	14	81	150	205	130	272	70	37	122	572	440	115	803
Saccharophagus	0	0	0	0	0	0	66	11	46	0	3	0	0	0	0	0	0	0	26	0	0	0	0	0
Saccharospirillum	44	93	37	62	121	55	26	12	10	3	5	2	101	65	169	115	133	160	1	0	0	0	0	2
Salegentibacter	1572	2991	967	827	694	1777	51	14	23	3	11	3	272	194	598	324	300	388	1	0	21	19	47	101
Salinibacter	1261	963	1229	735	2906	2170	0	3	6	1	3	0	264	828	861	348	655	400	0	0	328	250	29	44
Salinimicrobium	49	49	34	41	14	137	81	243	12	1	6	0	51	628	152	220	36	207	22	30	37	28	318	231
Salinisphaera	0	0	0	0	0	0	0	0	0	0	0	0	1	1	2	0	0	0	0	35	67	55	4	307
SalinisphaeraceaeFA	0	0	0	0	0	0	0	4	0	0	0	1	0	1	0	1	0	1	0	28	17	15	18	1220
SalinisphaeralesOR	0	0	0	1	0	0	0	0	0	0	0	0	595	10	0	14	0	31	0	0	0	0	0	0
Salinivibrio	10	9	30	8	36	17	5	2	4	4	3	0	9	5	5	6	8	20	0	0	0	0	3	1
Salisaeta	262	184	368	99	538	372	239	1124	901	19	441	18	209	282	409	247	168	241	0	1	72	67	1	13
SaprospiraceaeFA	24363	25173	15165	21403	20698	19853	5151	2868	5385	658	1942	152	3998	2268	8836	3436	16283	3196	1195	856	408	380	2120	207
Sediment-1OR	1	0	0	0	0	0	134	393	717	496	480	88	0	0	0	0	1	1	196	167	128	165	358	72
ShewanellaceaeFA	0	0	0	0	0	0	0	0	0	21	0	1	0	0	0	0	0	0	16	13	75	48	83	17
Simidua	2	0	6	10	0	0	30	91	16	3	68	5	3	4	1	1	4	2	0	0	0	0	0	0
SimkaniaceaeFA	1	2	55	138	5	8	6	0	2	0	3	1	19	6	54	9	92	23	10	1	40	41	20	2
SinobacteraceaeFA	3731	3226	2999	4049	3151	2670	8169	5223	8229	1374	3005	1019	2324	2561	1655	2360	2171	2942	13395	13810	8727	8606	17198	2995
SolirubrobacteralesOR	1	1	2	0	3	3	1748	1886	746	589	1436	599	2	14	8	8	0	0	62	203	82	72	151	65
SphingobacterialesOR	4	14	35	30	1	1	130	3344	190	644	471	778	22	20	115	6	147	49	136	123	43	45	164	21
SphingomonadaceaeFA	0	0	0	0	0	0	109	111	232	25	64	2	0	2	0	0	0	1	16	12	14	17	40	4
SphingomonadalesOR	1	0	3	1	1	1	1075	245	1189	306	458	115	0	6	1	1	0	2	101	153	165	158	189	36
Spirochaeta	3575	4334	3083	4878	4334	3456	48	19	56	981	238	396	6672	5823	5046	4654	6613	7138	587	513	1426	1233	2104	1335
SpirochaetaceaeFA	251	319	294	239	333	196	131	0	52	240	50	1735	231	378	518	225	586	277	21	5	298	211	100	210
SpirochaetesPH	0	0	0	0	0	0	0	0	0	0	0	0	0	1	0	0	0	1	28	23	20	18	49	13
Sporanaerobacter	10	40	801	146	24	102	0	0	0	0	0	0	13	33	50	40	3	11	1	2	0	1	0	1
SporolactobacillaceaeFA	0	0	0	0	0	0	2	3	12	38	65	132	1	7	5	4	0	0	0	9	5	2	2	193
StramenopilesOR	31	30	164	35	36	405	402	88	265	107	37	2	44575	8890	2243	4656	7453	6261	1904	672	862	795	3733	334
StreptophytaOR	0	0	0	0	4	1	95	244	410	42	422	572	1	0	0	0	0	0	3	0	1	0	14	0
Sulfitobacter	2	1	5	1	1	6	832	563	803	463	1259	230	7	271	7	17	6	28	636	1197	829	818	1365	463
Sulfurimonas	36	40	44	31	13	28	79	4	1	13	35	992	13	71	32	14	47	16	3010	622	3196	3215	8273	686
Sulfurospirillum	126	204	124	95	74	53	11	0	2	0	0	0	21	27	71	36	184	30	0	0	0	0	0	0
Sva0725OR	4	4	6	6	18	14	343	1175	1570	1799	5732	1426	5	8	18	31	50	24	355	580	221	251	822	172
SymbiobacteriaceaeFA	61	42	179	155	127	151	33	207	71	197	161	95	38	126	150	84	98	72	133	61	175	165	337	60
SynergistalesOR	143	121	89	177	67	200	0	0	1	0	0	0	33	20	11	124	5	11	0	1	0	0	0	0
SyntrophaceaeFA	0	0	0	0	0	0	0	0	1	0	0	0	0	0	0	0	0	0	1	16	51	35	104	101
Syntrophobacter	2	4	8	6	13	5	2	5	49	3964	32	277	4	4	10	2	7	1	12	208	143	134	461	311
SyntrophobacteraceaeFA	0	0	1	2	0	3	669	1467	1595	2767	1864	596	8	378	17	1	1	10	3363	4625	2112	2202	4807	1375
SyntrophobacteralesOR	15	3	10	18	22	32	0	0	5	83	1	2	14	5	2	16	0	0	0	2	0	1	4	13
SyntrophomonadaceaeFA	2	4	5	9	1	4	0	0	0	0	0	0	12	41	29	17	7	24	0	0	2	0	0	1
Syntrophomonas	17	47	42	136	2	2	0	0	0	0	0	0	0	2	0	15	0	0	0	0	0	0	1	0
T78	3	1	6	4	2	1	3	0	0	124	11	42	1	81	11	5	5	7	4	14	95	87	30	71
TG3-2CL	0	0	0	0	0	0	0	0	0	0	0	0	0	0	0	0	0	0	0	3	63	61	19	25
TK17CL	0	0	0	0	0	0	94	299	259	147	639	152	0	1	0	0	0	0	1	5	3	1	7	1
TM3	0	2	4	2	1	4	16	1	9	26	8	1	1	20	1	6	1	1	276	226	363	303	749	298
TTA_B6FA	15	25	26	23	1	1	0	0	0	0	0	0	0	1	0	32	0	5	0	0	0	0	3	0
Tenacibaculum	1	0	0	0	1	0	26	116	55	18	40	2	1	2	0	0	0	0	6	0	0	1	18	8
TenericutesPH	216	172	33	62	168	61	0	0	0	0	0	0	37	30	18	79	8	3	0	1	0	0	0	0
Teredinibacter	2	6	2	3	16	4	87	18	0	0	0	1	1	1	7	7	6	3	0	0	1	0	2	0
Thalassospira	0	0	0	0	0	0	21	108	39	28	7	1	0	0	0	0	0	0	0	0	3	0	4	0
ThermoanaerobacteralesOR	0	0	0	0	0	0	0	23	1	706	1	9	0	1	1	0	0	1	0	54	19	16	29	526
Thermodesulforhabdus	0	1	0	0	0	0	72	19	65	27	59	104	0	0	0	0	0	0	561	156	176	179	673	64
ThermodesulfovibrionaceaeFA	0	0	0	0	0	0	61	3	8	9	4	0	0	0	0	0	0	0	86	87	12	20	183	12
ThermomicrobiaCL	0	0	0	0	0	0	0	7	7	272	59	128	0	0	0	0	0	0	0	0	0	0	1	0
ThermomicrobialesOR	1	1	7	2	1	35	1024	595	769	116	357	102	5	1	6	14	2	15	7	23	1	1	15	3
ThermoplasmatalesOR	0	0	0	0	0	0	0	185	5	2351	13	130	0	0	0	8	0	0	0	4	0	0	6	0
ThermotogaceaeFA	265	174	292	563	510	131	0	1	0	0	0	1	584	366	401	250	366	3669	1	0	1	0	0	1
ThermotogalesOR	18	20	20	26	17	9	0	2	2	57	15	63	7	5	10	33	10	10	0	6	1	0	15	13
ThermovirgaceaeFA	6	10	7	14	24	15	0	0	0	0	0	0	61	19	22	8	37	27	0	0	0	0	0	0
Thioalkalimicrobium	10	18	229	14	41	13	0	0	0	1	0	0	27	14	22	11	74	49	0	0	1	0	0	0
Thiohalospira	1901	83	35	77	29	35	259	644	425	32	273	53	7	122	63	16	30	15	58	34	65	43	76	7
Thiomicrospira	121	167	388	231	92	172	1	1	1	0	0	2	90	129	191	72	516	100	1	1	8	8	27	1
Thiorhodospira	0	0	0	0	0	0	81	117	159	7	18	2	0	0	0	0	0	0	0	0	0	0	0	0
Thiothrix	0	1	10	2	2	3	0	0	0	0	1	0	69	14	10	18	18	13	0	0	0	0	1	0
ThiotrichalesOR	0	0	0	0	0	0	28	105	24	23	197	4	0	0	0	0	0	0	0	0	0	0	0	0
Tindallia	51	40	75	25	18	53	1	1	2	2	1	1	11	78	22	35	33	43	29	7	33	30	107	20
TrebouxiophyceaeFA	0	0	0	0	0	0	0	1	0	0	0	0	74	8	0	14	0	5	0	0	0	0	0	0
Ucn15732CL	0	0	0	0	0	0	2	0	1	4	0	0	0	0	0	0	0	0	18	27	16	17	39	4
Ulr1583CL	0	0	0	0	0	0	0	0	0	4	6	97	0	0	0	0	0	0	0	0	2	1	1	2
Ulvibacter	0	0	0	0	0	1	680	136	199	74	13	0	2	4	0	0	1	1	623	414	302	293	571	99
VC12-cl04CL	37	51	156	11	20	14	0	0	0	0	0	0	9	3	19	6	20	2	0	0	0	0	0	0
VHS-B5-50CL	0	0	0	0	0	0	205	169	228	28	164	8	0	0	0	0	0	1	14	74	28	23	67	18
Verruco-5CL	43	25	79	19	117	56	11	0	13	51	0	6	153	494	330	93	234	220	622	220	288	277	626	179
VerrucomicrobiaPH	12	9	26	2	18	6	0	0	3	87	5	10	24	53	40	41	56	46	0	2	6	3	1	5
VerrucomicrobiaceaeFA	11	24	81	31	39	30	514	191	309	22	76	11	18	19	101	52	189	129	10	5	0	1	15	2
VerrucomicrobialesOR	0	0	1	0	0	0	267	810	559	975	866	1136	0	0	0	0	0	0	301	136	90	83	283	19
Verrucomicrobium	6	23	43	39	27	16	76	30	114	20	10	1	33	30	56	166	55	310	17	13	3	4	31	4
Vibrio	20	53	7	16	12	16	55	49	61	13	103	981	12	39	32	20	18	37	31	12	8	5	126	12
WM88CL	3	1	7	16	7	238	1	4	4	2	0	0	338	998	39	114	4	52	136	78	533	495	195	136
WPS-2PH	0	1	13	1	1	6	4	2	12	0	1	0	12	3	49	3	55	11	0	0	0	0	0	0
WS1PH	118	65	83	117	44	131	0	0	4	59	17	42	104	280	100	163	42	204	1	33	81	67	81	162
Waddlia	0	1	0	0	0	1	81	183	151	66	254	16	0	6	3	2	0	0	0	85	12	4	2	21
Winogradskyella	0	0	0	0	0	0	6	70	2	5	28	3	0	0	0	1	0	0	0	0	0	0	0	0
XanthomonadaceaeFA	0	1	0	0	0	1	4	3521	55	1773	3958	2346	3	15	14	40	0	2	8	143	16	15	30	6
XanthomonadalesOR	0	0	0	0	0	0	0	20	11	311	115	102	0	1	1	1	0	1	1	0	0	0	0	0
YS2OR	0	0	0	0	0	0	0	0	0	1	0	0	0	0	0	0	0	0	0	13	21	18	14	52
Z20OR	48	25	29	28	123	17	0	0	1	0	0	0	70	168	128	25	152	38	0	2	4	8	1	5
ZA3412cFA	0	0	0	0	1	0	0	768	8	70	73	991	0	0	0	0	0	0	30	53	39	38	69	170
ZB1OR	0	0	5	2	1	2	15	2	37	284	26	407	4	13	15	4	0	6	471	514	668	604	1305	813
ZB2PH	95	154	110	194	107	68	1	0	2	0	1	1	124	103	97	102	120	98	0	0	0	2	1	0
ZD0117	2	16	4	5	11	6	18	92	222	36	24	13	1	5	6	6	2	2	27	14	16	14	28	4
Zobellia	3	5	0	9	2	9	199	124	314	74	269	12	30	68	15	121	0	219	19	11	10	10	64	5
Zplanct13	621	395	478	509	701	94	0	1	0	0	0	0	250	284	218	113	185	110	0	0	6	1	1	1
envOPS12OR	0	0	0	0	0	0	401	179	628	221	317	526	0	0	0	0	0	0	521	257	289	301	674	45
koll11CL	0	0	6	4	2	4	0	0	0	1	0	0	28	117	48	31	65	20	0	0	0	0	0	1
koll13OR	2	2	2	0	2	12	1868	2193	2155	691	2606	302	7	4	5	8	0	3	452	843	132	144	769	115
kpj58rcFA	0	0	0	0	0	0	0	3	0	3	1	2	0	0	0	0	0	0	78	14	44	50	86	13
mle1-48OR	0	0	0	0	0	0	70	132	155	43	455	289	0	0	0	0	0	0	0	1	0	0	1	0
nsmpVI18	0	0	0	0	0	0	3	61	7	3	113	12	0	0	0	0	0	0	2	1	0	0	3	0
ntu14FA	5	2	16	10	10	16	0	1	5	0	1	0	43	65	45	75	11	26	5	3	0	1	10	1
pGrfC26OR	0	0	0	0	0	0	0	0	10	321	3	35	0	2	0	0	0	0	40	82	32	28	79	93
pMC2A209CL	77	23	152	176	42	90	1	2	0	1	0	0	359	409	79	170	14	52	64	30	231	163	94	41
pMC2A33FA	66	60	48	220	225	302	0	5	1	0	0	1	1223	2952	277	131	10	29	17	9	70	68	88	29
so4B24FA	1	0	0	0	0	0	1	0	12	19	0	0	0	0	0	0	0	0	257	223	259	252	1025	106
vadinHA49CL	0	0	0	0	0	0	32	127	81	19	9	2	0	0	0	0	0	0	85	79	45	57	160	26
wb1_H11OR	0	0	0	0	0	0	98	58	175	40	50	9	0	0	0	0	0	0	196	117	50	66	223	23
wb1_P06FA	0	0	0	1	0	0	20	96	96	32	488	89	0	0	0	0	0	0	14	28	18	18	48	4
za29	0	0	0	0	0	0	0	59	8	475	131	1344	0	0	1	1	1	0	9	120	18	30	122	174
