	sequences per sample	iteration	R1_A_D1	R1_A_D2	R1_B_D1	R1_B_D2	R1_C_D1	R1_C_D2	R2A_A_D1	R2A_A_D2	R2A_B_D1	R2A_B_D2	R2A_C_D1	R2A_C_D2	R2_A_D1	R2_A_D2	R2_B_D1	R2_B_D2	R2_C_D1	R2_C_D2	SF2_A_D1	SF2_A_D2	SF2_B_D1	SF2_B_D2	SF2_C_D1	SF2_C_D2
alpha_rarefaction_10_0.txt	10	0	55.0	55.0	55.0	13.0	23.0	23.0	23.0	55.0	55.0	55.0	55.0	23.0	13.0	55.0	55.0	55.0	23.0	55.0	55.0	23.0	55.0	23.0	55.0	55.0
alpha_rarefaction_10_1.txt	10	1	23.0	13.0	23.0	55.0	23.0	55.0	55.0	55.0	23.0	55.0	23.0	55.0	23.0	55.0	55.0	23.0	23.0	23.0	23.0	23.0	23.0	23.0	55.0	13.0
alpha_rarefaction_10_2.txt	10	2	16.0	23.0	55.0	13.0	23.0	23.0	55.0	55.0	55.0	55.0	55.0	13.0	29.0	55.0	55.0	55.0	23.0	23.0	55.0	55.0	55.0	55.0	55.0	23.0
alpha_rarefaction_10_3.txt	10	3	29.0	23.0	23.0	23.0	55.0	23.0	55.0	55.0	55.0	55.0	23.0	55.0	23.0	23.0	55.0	23.0	55.0	13.0	23.0	55.0	55.0	55.0	55.0	29.0
alpha_rarefaction_10_4.txt	10	4	23.0	55.0	13.0	13.0	23.0	23.0	13.0	55.0	55.0	55.0	55.0	23.0	12.0	55.0	55.0	23.0	55.0	55.0	23.0	13.0	55.0	29.0	55.0	55.0
alpha_rarefaction_10_5.txt	10	5	23.0	55.0	23.0	23.0	23.0	55.0	55.0	55.0	55.0	55.0	13.0	55.0	29.0	55.0	55.0	55.0	55.0	55.0	55.0	55.0	55.0	55.0	55.0	55.0
alpha_rarefaction_10_6.txt	10	6	23.0	13.0	55.0	55.0	23.0	55.0	55.0	55.0	55.0	55.0	55.0	23.0	22.0	55.0	55.0	55.0	9.0	55.0	23.0	55.0	55.0	55.0	23.0	23.0
alpha_rarefaction_10_7.txt	10	7	23.0	23.0	23.0	55.0	55.0	29.0	55.0	55.0	55.0	55.0	55.0	23.0	22.0	23.0	55.0	13.0	55.0	23.0	29.0	55.0	23.0	55.0	55.0	29.0
alpha_rarefaction_10_8.txt	10	8	23.0	13.0	55.0	29.0	55.0	23.0	55.0	55.0	55.0	55.0	55.0	55.0	55.0	55.0	23.0	23.0	13.0	23.0	29.0	23.0	55.0	23.0	55.0	55.0
alpha_rarefaction_10_9.txt	10	9	55.0	13.0	23.0	23.0	13.0	55.0	23.0	55.0	23.0	23.0	23.0	55.0	55.0	55.0	23.0	55.0	23.0	55.0	13.0	55.0	23.0	23.0	23.0	23.0
alpha_rarefaction_20064_0.txt	20064	0	1317.5	1350.31538462	1785.98324022	1654.37804878	1624.6686747	1742.88888889	3442.95945946	4308.00222222	4627.79361702	4152.75311721	4043.66423358	2357.26484018	2073.5739645	3142.12615385	2321.69776119	2251.88259109	1927.46524064	2188.81818182	4886.75675676	4680.69605568	5253.59622642	5248.55645161	6175.89516129	4808.44239631
alpha_rarefaction_20064_1.txt	20064	1	1467.0	1324.64179104	1955.82911392	1687.08333333	1654.64285714	1995.20571429	3388.18771331	4166.37306843	4682.00238663	4451.88888889	3909.47594937	2206.43951613	1978.55555556	3251.80582524	2472.14176245	2360.56944444	1880.52970297	2353.29411765	5283.18120805	5002.08430913	5660.74459725	5476.67169811	6303.53442623	4910.66346154
alpha_rarefaction_20064_2.txt	20064	2	1323.48120301	1386.45238095	1821.60335196	1735.64285714	1604.99350649	1983.00591716	3137.56832298	4369.51597052	4464.67311828	4497.81746032	3812.83571429	2512.69339623	2031.45086705	3299.82206406	2502.99166667	2135.90990991	1844.16580311	2195.81278539	5024.21829522	4898.48591549	5693.89980354	5196.96958175	6414.81016949	4443.00630252
alpha_rarefaction_20064_3.txt	20064	3	1471.33834586	1446.00787402	1786.92265193	1592.87755102	1793.22137405	1958.01796407	3219.39755352	4346.02380952	4559.86016949	4193.44819277	4099.97014925	2486.79310345	1871.37313433	3217.33223684	2528.46	2280.47368421	1983.40983607	2198.88461538	5070.06	4854.59615385	5187.01915709	5289.66537718	6153.98519737	4700.01324503
alpha_rarefaction_20064_4.txt	20064	4	1408.93421053	1372.04098361	1886.90066225	1675.52083333	1710.52083333	2024.55214724	3315.4516129	4462.20631068	4531.03370787	4385.87531172	4160.73934837	2697.66497462	1937.27956989	3153.11214953	2529.00425532	2369.01219512	1810.5	2142.5177665	5141.75	4722.14505495	5647.11363636	5146.7752809	6450.13571429	4648.95032397
alpha_rarefaction_20064_5.txt	20064	5	1429.85840708	1267.12195122	1846.13259669	1583.01754386	1494.30813953	1709.98	3314.94904459	3993.34	4530.595186	4314.09230769	4178.52673797	2369.05	1874.83333333	3198.34285714	2472.57142857	2486.36619718	1792.92268041	2369.3622449	5007.80664062	5010.50471698	5913.38791423	5559.64344262	6356.95652174	4723.29772727
alpha_rarefaction_20064_6.txt	20064	6	1385.53658537	1484.0	1887.0239521	1605.23170732	1661.80813953	1883.72131148	3322.54071661	4018.54545455	4559.26506024	4151.07462687	4021.96181384	2457.53811659	2028.03389831	3239.96258503	2380.95330739	2397.27027027	1739.76681614	2213.98578199	4933.46022727	4673.51363636	5401.34917733	5545.72924901	6158.05371248	4869.78886311
alpha_rarefaction_20064_7.txt	20064	7	1421.79545455	1430.4	1792.53333333	1701.35947712	1667.23602484	1832.24193548	3268.8557377	4223.40540541	4469.4527897	4059.925	4034.61138614	2479.12931034	1941.0505618	3298.62295082	2530.75100402	2456.02816901	1904.37305699	2263.54028436	4975.59163347	4742.60981308	5629.69736842	5413.95900178	6039.1414791	4524.81456954
alpha_rarefaction_20064_8.txt	20064	8	1245.82926829	1328.9921875	1847.5	1647.4125	1691.82781457	2073.61111111	3179.59163987	4215.63875598	4768.07623318	4275.06005222	3930.44416873	2528.18779343	2083.32	3289.6483871	2679.01298701	2170.50980392	1891.91943128	2042.14285714	4466.64	4955.63448276	5300.75285171	5343.38414634	6111.13518198	4723.42388759
alpha_rarefaction_20064_9.txt	20064	9	1330.41911765	1509.3553719	2006.48734177	1769.93835616	1670.68518519	1906.96987952	3361.91233766	4252.66896552	4683.92427617	4439.1505102	4234.5	2381.43965517	1820.44339623	3279.82758621	2386.4981685	2439.51388889	1908.15555556	2227.3880597	4800.65354331	4889.92361111	5625.53932584	5522.40842491	6005.18037975	4548.21598272
alpha_rarefaction_40118_0.txt	40118	0	1773.58433735	1718.40939597	2224.56730769	2105.89162562	2030.08108108	2502.56164384	3995.64578313	5141.62385321	5752.71308725	5468.93604651	4837.64244742	2911.51351351	2380.12916667	4023.20673077	3256.16901408	2863.0483871	2376.67811159	2958.59073359	5975.67057101	6248.05689655	6888.09824047	6704.24255319	7875.2739726	6023.92592593
alpha_rarefaction_40118_1.txt	40118	1	1808.52173913	1753.78064516	2306.78037383	2143.86206897	1987.75520833	2406.79912664	4095.8125	5191.09895833	5583.51694915	5517.15257353	5282.66666667	3110.72222222	2680.81775701	4179.84536082	3018.44410876	3011.81052632	2324.3362069	2684.69230769	6194.23839009	6127.66508689	6787.21081081	6710.88872832	7554.68292683	6026.1
alpha_rarefaction_40118_2.txt	40118	2	1735.33333333	1612.25714286	2272.64018692	2149.93298969	2119.31182796	2340.37946429	4015.8375	5303.71616541	5651.68439108	5457.51111111	5215.71428571	3204.97972973	2526.34666667	3945.43181818	3278.84615385	2900.02040816	2425.87142857	2742.99604743	5809.2301013	6272.00530973	7143.88105727	6766.13798009	7964.93432466	5959.22204473
alpha_rarefaction_40118_3.txt	40118	3	1661.17283951	1751.28846154	2227.05286344	2354.87428571	2109.7826087	2545.765625	4104.28101266	5456.72267206	5779.10016978	5489.5597723	5141.67760618	3131.46688742	2562.35294118	3975.1025	3106.45625	3115.05836576	2439.78761062	2617.27368421	6174.29745889	6068.00162338	7011.16994382	6851.03571429	7614.65005663	5663.73076923
alpha_rarefaction_40118_4.txt	40118	4	1747.0617284	1717.47368421	2254.65652174	1963.78801843	2032.62686567	2361.28205128	3951.44312796	5245.12844037	5676.33497537	5406.64480874	4837.36042403	3175.81089744	2333.35135135	3990.42647059	3187.78913738	2922.08333333	2406.67123288	2798.75	5989.65331492	6095.78980892	6893.5704023	6735.71488178	7888.80116959	5808.86666667
alpha_rarefaction_40118_5.txt	40118	5	1663.21686747	1560.1595092	2268.62445415	2188.53333333	2067.81967213	2235.36051502	4216.67317073	4905.34621849	5794.09353741	5280.37974684	5103.09513742	3341.38461538	2495.28318584	4299.17287234	3237.41233766	2894.40133779	2447.8	2940.48062016	6168.56202144	5852.52845528	7003.82189781	6275.03312102	7982.39356436	5911.80680062
alpha_rarefaction_40118_6.txt	40118	6	1805.74	1823.0	2150.72687225	2033.68844221	1959.11848341	2290.31950207	4139.55970149	5000.10391823	5877.33050847	5389.74125874	5014.55102041	3279.5	2401.18032787	4034.60411311	3338.55514706	3045.84172662	2386.90384615	2719.98571429	5942.94222222	5999.73214286	6841.22857143	6956.05752212	7982.25124378	5753.96044304
alpha_rarefaction_40118_7.txt	40118	7	1805.86624204	1774.79470199	2244.29032258	2068.78894472	2035.2606383	2461.86666667	3935.84536082	5129.44285714	5494.40981013	5227.21143847	4986.04963235	3142.96959459	2466.85826772	3991.12266667	2962.89320388	3031.34859155	2394.63636364	2646.22968198	6303.07634731	6058.96210873	6772.38655462	6583.50889193	7757.28486293	5792.94607843
alpha_rarefaction_40118_8.txt	40118	8	1780.51655629	1717.12280702	2354.29032258	2041.32835821	1980.0	2423.59134615	4039.47044917	5041.30420168	5889.93035714	5227.25088968	4966.375	2978.92	2547.23913043	3985.27139364	3130.3	3047.85910653	2529.7047619	2744.2037037	6302.40650407	5986.13869863	6776.11158798	6643.40780619	8082.28295042	5761.25
alpha_rarefaction_40118_9.txt	40118	9	1687.77108434	1742.47368421	2352.17431193	2046.82978723	2059.76683938	2448.13191489	4355.45801527	4989.81	5767.07601351	5531.74632353	5093.46590909	3185.18088737	2461.26521739	3938.02238806	3093.15015974	2999.55555556	2400.94117647	2689.22180451	5982.81818182	6211.33955857	6584.28	6855.98	8242.89165629	6060.75856164
alpha_rarefaction_60172_0.txt	60172	0	1966.25510204	1920.78333333	2601.14693878	2362.92201835	2401.16582915	2901.18987342	4402.79317697	5830.62461538	6280.23858616	6049.57236842	5623.2218543	3562.68115942	2716.01111111	4513.12472648	3544.93220339	3318.25301205	2685.92277992	3100.00955414	6812.04030227	6825.57080292	7929.2027027	7319.76112412	9034.12690355	6778.68005739
alpha_rarefaction_60172_1.txt	60172	1	1940.79569892	1869.53225806	2629.4214876	2424.23504274	2264.85585586	2708.77952756	4473.34728033	5690.5	6164.2382311	6161.13014827	5641.55178268	3602.83987915	2702.0	4406.20696721	3590.95072464	3308.66371681	2650.84172662	3147.90228013	6912.69348659	6819.62040816	7635.1130742	7574.50123457	8847.59315206	6746.28783784
alpha_rarefaction_60172_2.txt	60172	2	2024.86956522	1992.9787234	2485.45945946	2299.20444444	2460.6974359	2638.78968254	4455.4375	5684.07822086	6269.52466368	5990.47321429	5641.8048	3586.72285714	2688.82867133	4435.97435897	3499.31176471	3301.63829787	2713.85185185	3121.59283388	6789.01351351	7253.29013255	7720.61481481	7736.0939759	8808.63959391	6850.10958904
alpha_rarefaction_60172_3.txt	60172	3	1863.80526316	1942.38461538	2530.84765625	2436.2972973	2260.13333333	2715.40449438	4605.76304348	5804.61586314	6458.84971098	6028.9025974	5618.98379254	3739.24624625	2738.04452055	4550.5021645	3487.84375	3228.62247839	2685.14760148	3021.31612903	6688.15802781	7225.40967283	7804.257109	7479.39354067	8738.36474164	6648.44384303
alpha_rarefaction_60172_4.txt	60172	4	2010.94610778	1889.1978022	2431.50396825	2398.57081545	2475.18	2749.07874016	4502.48060345	5730.68269231	6481.65204236	6074.88926174	5471.72463768	3739.01	2763.57342657	4481.01086957	3534.12609971	3288.6635514	2660.0244898	3234.88541667	6622.24516129	7139.97305389	7717.74380165	7742.57267081	8835.66237942	6402.33423545
alpha_rarefaction_60172_5.txt	60172	5	1891.37704918	1858.88888889	2605.19148936	2298.52697095	2368.11374408	2747.39430894	4462.97975709	5667.29906542	6551.45051699	6266.08139535	5933.68048359	3521.85093168	2769.42105263	4450.34047109	3412.65217391	3391.32012195	2788.67965368	2987.44923077	6805.16535433	7114.69375907	8131.16318538	7810.76628352	8914.09650053	6839.39823009
alpha_rarefaction_60172_6.txt	60172	6	2030.9005848	1885.015	2642.09638554	2549.42325581	2329.62666667	2749.66666667	4426.29613734	5616.24542683	6458.60237389	6323.06101695	5713.39152542	3595.60486322	2830.02272727	4396.19088937	3543.62608696	3199.36036036	2774.25423729	3140.50314465	6928.81818182	6909.23469388	7781.48461538	7961.13240858	8863.81790123	6544.43178622
alpha_rarefaction_60172_7.txt	60172	7	1965.03409091	2017.22513089	2536.4893617	2372.73423423	2449.50753769	2569.98062016	4563.01333333	5759.92586751	6277.08191654	6039.82082695	5741.89833641	3691.30434783	2822.25	4528.69495413	3292.16296296	3235.76608187	2681.69565217	3156.25167785	6670.56015038	7089.5650289	7447.55735805	7629.57258065	8723.09054726	6449.79674797
alpha_rarefaction_60172_8.txt	60172	8	1931.42857143	1968.796875	2519.1512605	2348.29535865	2426.49246231	2651.82995951	4346.70425532	5713.97959184	6282.15416667	5840.77029096	5730.8559322	3692.26415094	2812.28346457	4369.42886598	3495.75644699	3343.3761194	2687.44081633	3114.77089783	6759.17692308	6840.0	7697.58029197	7912.00763359	8729.15368852	6867.66099291
alpha_rarefaction_60172_9.txt	60172	9	1920.21761658	1957.88442211	2713.42608696	2400.23255814	2344.33333333	2717.31395349	4726.04615385	5632.78571429	6471.96035242	6169.22258592	5778.32524272	3739.51923077	2908.75396825	4381.09090909	3516.73480663	3507.86942675	2560.953125	3057.62804878	6568.94887039	6826.82022472	7752.94470588	7568.67030303	8946.66772487	6675.48178138
alpha_rarefaction_80226_0.txt	80226	0	2073.25581395	2152.48087432	2874.40769231	2676.43965517	2542.5862069	3010.97426471	4776.50592885	5920.18994413	6926.36754508	6623.046875	6098.22327044	3886.55927835	3057.6445993	4661.36074766	3804.965	3441.2242268	2853.64259928	3314.41975309	7023.12485137	7642.96484375	8567.61882893	8366.4800885	9028.83020478	7261.59309494
alpha_rarefaction_80226_1.txt	80226	1	2057.7370892	2243.905	2829.69581749	2719.44444444	2592.41004184	2836.81758958	4924.60736196	6105.04040404	6993.95184136	6666.73621461	6010.11555556	4000.40869565	3122.77972028	4932.65072765	3715.98753117	3499.22192513	2929.15789474	3272.86187845	7342.97652582	7493.92546584	8442.40648649	8071.32021277	9343.13011829	7235.61016949
alpha_rarefaction_80226_2.txt	80226	2	2119.078125	2074.96482412	2825.79323308	2589.30952381	2623.08133971	2930.27173913	4809.33333333	5968.5877193	6825.90983607	6838.1889881	6185.52090032	3980.37301587	2934.72093023	5099.39337474	3443.00222222	3498.06683805	2919.28185328	3329.83641975	7250.07904192	7496.15365854	8481.23385301	8162.93456925	9450.57102002	7282.0754717
alpha_rarefaction_80226_3.txt	80226	3	2191.74033149	2104.12562814	2738.78873239	2645.21875	2495.24669604	2959.64285714	4930.89506173	6241.10869565	6921.99152542	6548.35552408	6082.4	3942.75	3120.5631769	4901.86990291	3621.73934837	3560.016	2841.45229682	3390.01796407	7129.89227166	7339.80555556	8404.32741398	8079.22246941	9291.8427907	7101.35574572
alpha_rarefaction_80226_4.txt	80226	4	2087.32038835	1993.0631068	2808.11952191	2593.78714859	2615.55140187	3159.48828125	4909.05081301	6016.94200849	7043.62864721	6484.84782609	6083.20091324	4018.70833333	3059.28617363	4784.55	3683.28009828	3680.90449438	2927.63921569	3330.01197605	7319.34813926	7428.05320435	8123.33612565	8001.13747228	9457.87096774	7226.6997549
alpha_rarefaction_80226_5.txt	80226	5	2090.29901961	2159.03208556	2622.12631579	2727.66519824	2666.32211538	3060.76923077	4815.54110899	6092.86826347	6979.1598878	6508.10683761	6102.80738363	3925.60614525	3028.37942122	4944.28404669	3784.0855615	3480.32352941	3024.64197531	3232.11340206	7221.48812352	7620.7622549	8383.56838565	8360.4812362	9443.43128391	7395.58527132
alpha_rarefaction_80226_6.txt	80226	6	2111.61538462	2130.13397129	2936.064	2563.83966245	2475.0	3036.61176471	4939.67276423	6219.83130699	6745.83660131	6536.44875346	6269.074883	3804.04065041	3035.62080537	4860.9005848	3768.72797927	3574.04972376	2868.84210526	3271.71714286	7161.77853881	7457.88461538	8217.8255814	8009.70769231	9249.93376265	7456.69565217
alpha_rarefaction_80226_7.txt	80226	7	2180.45762712	2056.09375	2808.46058091	2641.43946188	2608.01435407	2999.39015152	4984.64150943	5936.52880355	6746.68236878	6552.22919509	6060.71386431	4087.23495702	3075.28571429	4741.92641509	3644.08148148	3558.80833333	2838.61071429	3328.94602273	7291.8907168	7580.17175573	8389.31573276	8117.63467492	9485.24480578	7366.1302682
alpha_rarefaction_80226_8.txt	80226	8	2065.50239234	2044.14720812	2831.83846154	2660.46511628	2584.04716981	2944.6405694	4712.01771654	6203.4734375	6834.797023	6444.19583333	6190.32721713	4345.12269939	3064.23426573	4749.1934236	4051.74220963	3738.18079096	2824.0490566	3427.7173913	7611.29663212	7433.42525773	8286.91930207	8224.66029724	9254.86910062	7431.9375
alpha_rarefaction_80226_9.txt	80226	9	2122.10714286	2168.75531915	2812.52	2702.55319149	2589.99118943	2965.72014925	5023.8757764	5924.63134978	6870.37751004	6699.7856094	6351.78438031	3861.69920844	2925.29467085	4775.82713755	3888.87601078	3697.63013699	2909.78676471	3157.14206128	6996.30404624	7657.71261378	8559.10792952	8268.75027382	9537.9536608	7318.43797468
alpha_rarefaction_100280_0.txt	100280	0	2404.55940594	2233.84722222	3061.58270677	2779.0944206	2920.4	3207.10344828	5205.92130518	6198.46875	6893.05467801	6756.47787611	6417.65083799	4209.85714286	3151.35207101	5103.06620209	4012.50881612	3754.35660848	3174.06338028	3487.002849	7593.85340909	7825.10099889	8920.69979508	8830.22277228	9801.05093379	7588.85925085
alpha_rarefaction_100280_1.txt	100280	1	2355.58962264	2328.86206897	2898.53040541	2690.48251748	2701.40466926	3036.88819876	5187.32934132	6227.1031746	7194.03775883	6805.22679045	6720.8676259	4196.83783784	3165.25	5042.22018349	3946.8606357	3918.92550143	3136.03345725	3561.20461095	7706.0613155	7956.51639344	9177.49470339	8672.91129032	9666.30481728	7885.64410735
alpha_rarefaction_100280_2.txt	100280	2	2309.38235294	2342.28078818	2943.05226481	2711.62181818	2629.52325581	3184.07692308	5267.99015748	6392.36363636	7255.55006676	6918.78731836	6587.16047548	4249.90837696	3245.75737705	5039.60575296	4153.66949153	3994.79597701	3319.89473684	3478.65616046	7507.4805492	7950.32055749	8934.21520343	8818.20977597	10098.1929825	7866.73539519
alpha_rarefaction_100280_3.txt	100280	3	2276.04587156	2290.46976744	2978.6405694	2661.93584906	2632.28793774	3331.03952569	5149.57089552	6342.21045392	7384.22857143	6895.53145058	6248.807327	4251.61845387	3182.62613982	5206.52247191	4128.69346734	3911.85632184	3074.1316726	3643.53703704	7616.26280624	7741.52743561	8827.54265159	8731.07894737	9732.30393836	7931.5765878
alpha_rarefaction_100280_4.txt	100280	4	2200.37614679	2523.78061224	2947.72013652	2861.33744856	2775.45454545	3139.76618705	5169.64504505	6321.04931507	7173.67519182	6856.43734015	6516.26038781	4180.18564356	3173.39263804	5175.75614367	3916.66666667	4011.28318584	3109.7400722	3448.98891967	7600.72179628	8020.60759494	8701.0807771	8763.60212766	9889.12531969	7811.2599319
alpha_rarefaction_100280_5.txt	100280	5	2195.55924171	2285.08133971	2956.80769231	2665.0	2807.16071429	3174.20350877	5031.65200765	6267.71895425	7375.97005208	6949.39215686	6404.56463596	4227.45012788	3320.8375	5317.12741313	4084.376	3803.02762431	3201.63508772	3472.95833333	7665.60606061	7938.13888889	8587.61939616	8954.5931677	9820.8680203	7777.44613583
alpha_rarefaction_100280_6.txt	100280	6	2301.89497717	2339.625	2985.78623188	2710.7195572	2857.05045872	3146.32055749	5208.09274194	6257.44325768	7384.55541069	6950.76769025	6382.66806723	4218.5026455	3137.75	5159.33208255	4038.4351145	3840.6	3080.87636364	3373.5848564	7532.86226204	8055.02234637	8913.38916256	8783.546875	9816.89381933	7840.49633252
alpha_rarefaction_100280_7.txt	100280	7	2270.16113744	2328.41538462	2990.54275093	3011.87603306	2777.52564103	3206.07636364	5217.59537572	6360.37068966	7200.98507463	6923.16884817	6647.12035661	4187.34231806	3276.2	5267.16015625	4021.4025974	3923.49030471	2954.46885246	3653.01869159	7808.46031746	7937.94201183	9095.05111821	8610.8617332	10021.4798658	7575.6093929
alpha_rarefaction_100280_8.txt	100280	8	2228.33766234	2245.65625	3039.51086957	2808.93548387	2734.61065574	3299.65467626	5090.4317757	6286.12691771	7398.03751617	6736.53401797	6487.37354651	3979.38862559	3119.25471698	5119.7247191	3976.65770171	3744.54494382	3086.87455197	3521.74386921	7473.2297593	8020.79390244	8949.52765957	8876.06666667	9886.68502024	7960.80487805
alpha_rarefaction_100280_9.txt	100280	9	2362.52427184	2477.14835165	2947.92134831	2767.78125	2735.95378151	3219.89679715	5044.67231638	6271.08897742	7408.53617571	6914.27984085	6451.80599144	3980.88508557	3131.94409938	5064.54727273	3978.12903226	3788.01030928	3105.34296029	3526.12605042	7392.92481203	7966.25142857	8885.41082164	8587.6035503	10215.5485009	7585.45454545
alpha_rarefaction_120334_0.txt	120334	0	2592.53061224	2425.52941176	3138.91872792	2928.28888889	2909.46052632	3446.41666667	5458.70342205	6557.01371742	7499.67961165	7005.49688667	6769.36178862	4481.5461165	3384.65578635	5414.66842105	4354.65648855	3872.76978417	3132.83934426	3812.97413793	7768.01614639	8319.88784067	9299.61838162	9068.68666667	10508.582716	8035.14253898
alpha_rarefaction_120334_1.txt	120334	1	2364.14912281	2450.92857143	3062.38926174	3054.13385827	2823.87704918	3457.09252669	5359.14311594	6588.35236769	7665.27560051	7478.6	6623.86381842	4722.26683292	3471.95899054	5454.44821429	4131.6641791	3882.67813268	3221.56730769	3804.90277778	7960.80602007	8414.33406114	9069.06765524	9201.19178082	10151.0340633	7914.44029851
alpha_rarefaction_120334_2.txt	120334	2	2437.11363636	2426.76419214	3152.77289377	2826.5	2999.90625	3221.94409938	5204.84210526	6483.24265645	7541.84931507	7152.20049505	6772.61559889	4527.35766423	3488.8115016	5372.00180832	4184.62315271	3870.23152709	3257.5755627	3712.50991501	7976.36615044	8405.53862894	9262.21067684	9084.82011605	10424.1160714	8138.19536424
alpha_rarefaction_120334_3.txt	120334	3	2381.25454545	2453.52336449	3120.67676768	3074.87732342	2785.91385768	3317.25324675	5327.31818182	6610.16371078	7572.71087216	7315.40931373	6848.91130186	4671.69543147	3488.46226415	5300.42608696	4385.12694301	4022.97979798	3522.23655914	3948.11747851	7928.66666667	8398.39344262	9254.11111111	9279.26377953	10105.1982759	8116.59541985
alpha_rarefaction_120334_4.txt	120334	4	2479.27317073	2463.08733624	3207.28852459	2875.19047619	2793.78210117	3240.96141479	5394.52737226	6406.76348548	7319.15578465	7399.18918919	6902.41292135	4479.96341463	3295.53680982	5205.64888124	4217.01438849	4188.85175202	3264.87628866	3721.76439791	7802.4931071	8337.11970339	9331.85714286	8987.26373626	10252.8022508	8249.68865741
alpha_rarefaction_120334_5.txt	120334	5	2409.38325991	2475.4380531	3152.82508251	2797.46996466	2930.73417722	3352.46428571	5323.0	6560.45518207	7477.28767123	7273.64356436	6768.17185386	4479.42028986	3450.47368421	5177.96173913	4220.44987775	4015.45477387	3207.25471698	3745.48305085	7909.49507119	8467.3125	9319.35459662	9293.04069767	10142.1664025	8065.09638554
alpha_rarefaction_120334_6.txt	120334	6	2278.08119658	2421.88127854	3100.38032787	2998.20703125	2867.83196721	3493.98175182	5607.82727273	6519.40473062	7632.39104116	7252.81840796	6663.92577031	4465.6618705	3213.01907357	5204.49342105	4147.125	3983.98734177	3257.40694006	3617.65473146	7935.14745011	8399.28145695	9197.39345794	8987.85835694	10190.8959016	8194.98065984
alpha_rarefaction_120334_7.txt	120334	7	2466.58108108	2369.39830508	3152.5	2845.29109589	2891.5498008	3465.8986014	5534.96851852	6541.62082777	7474.03730445	7247.3125	6702.68016194	4456.8801956	3383.759375	5408.17765568	4251.4691358	3880.98780488	3274.14946619	3717.24369748	8002.54727475	8253.69381107	9345.21582031	8971.11692015	10297.5581967	8193.85294118
alpha_rarefaction_120334_8.txt	120334	8	2442.71875	2378.37668161	3159.75	2882.87769784	2997.17105263	3280.08626198	5389.03243243	6320.84203822	7521.73357664	7201.11083744	6805.56302521	4346.51508121	3280.61403509	5439.05	4201.13163972	4006.85078534	3370.82291667	3544.40101523	7763.86772487	8422.6875	9440.99421408	9036.75433526	10307.121911	8099.76579521
alpha_rarefaction_120334_9.txt	120334	9	2265.34693878	2474.05140187	3166.25342466	2909.41791045	2844.26720648	3380.19366197	5370.41621622	6525.88289474	7416.10128056	7102.70487805	6757.91044776	4484.69733656	3579.91666667	5349.36111111	4132.26388889	4153.29365079	3271.3125	3566.99473684	7965.61521499	8444.14709111	9215.31370656	9201.46979866	10228.452381	7987.75968109
alpha_rarefaction_140388_0.txt	140388	0	2508.90789474	2576.75117371	3233.32621951	3245.68292683	2956.53090909	3454.06521739	5494.91071429	6596.10754017	7769.63033708	7458.36374408	7031.45695364	4500.40659341	3522.7020649	5693.30645161	4357.57380952	4208.49	3385.01712329	3883.61256545	8090.342827	8604.40963855	9474.39964476	9490.77767176	10627.609375	8268.486
alpha_rarefaction_140388_1.txt	140388	1	2424.16666667	2577.46835443	3108.45882353	3140.89705882	2986.11522634	3641.9137931	5638.31150442	6625.4162234	7827.27017544	7417.30741627	6948.28364116	4601.32964602	3659.8	5672.36988848	4476.0	4141.9375	3479.45804196	3867.11081794	8139.12917115	8682.77673936	9691.21751412	9210.01853486	10542.150079	8333.50875386
alpha_rarefaction_140388_2.txt	140388	2	2402.97297297	2702.63849765	3206.20689655	3077.38376384	3120.91701245	3472.12618297	5740.03811252	6694.76015228	7898.34495192	7500.55421687	7056.19518717	4758.21513002	3466.06685237	5620.55958549	4421.90023753	4169.4	3413.25913621	3893.2	8273.34527687	8634.16158537	9509.61049724	9237.24705882	10463.0430697	8457.84039088
alpha_rarefaction_140388_3.txt	140388	3	2484.48117155	2583.41176471	3193.72307692	3029.28521127	2946.70588235	3404.60307692	5743.58844133	6648.8875969	7792.86585366	7560.5	6893.97748344	4718.01315789	3623.74480712	5461.50166667	4495.8997555	4219.195	3589.90391459	3857.63660477	8148.02941176	8751.396875	9653.09615385	9417.72222222	10479.2595937	8359.54845155
alpha_rarefaction_140388_4.txt	140388	4	2410.01265823	2542.22171946	3362.26351351	3189.996139	2959.55725191	3615.35714286	5529.79569892	6568.39147287	7638.01689189	7485.59133489	6894.38591917	4897.03970223	3469.71428571	5510.18923611	4424.12408759	4194.74064838	3429.30847458	3927.10743802	8110.26492147	8617.79918451	9732.6203966	9486.3767977	10496.4932432	8341.54828974
alpha_rarefaction_140388_5.txt	140388	5	2471.70305677	2400.41568627	3221.76047904	2990.13953488	3001.13793103	3756.05376344	5695.50543478	6577.34673367	7834.01752336	7600.92883895	7089.22144847	4524.1901566	3554.2804878	5678.39652174	4198.01363636	4253.46568627	3385.65273312	3878.36538462	8289.08431163	8607.76787565	9644.5785124	9263.19523373	10575.0598619	8125.4336989
alpha_rarefaction_140388_6.txt	140388	6	2435.65517241	2591.28767123	3246.125	3114.91071429	2914.01162791	3489.32441472	5448.41722973	6838.23202171	7842.71986223	7500.89268868	6998.29357798	4618.87089716	3478.22928177	5601.94545455	4290.25	4182.17317073	3393.96428571	3935.64190981	8194.00626959	8632.71294363	9561.07301294	9473.17445186	10365.8163569	8370.48253968
alpha_rarefaction_140388_7.txt	140388	7	2556.13191489	2543.68085106	3184.3533123	3209.57295374	3074.58606557	3525.37699681	5823.45656192	6818.27667984	7662.00112613	7485.11676301	6852.52051282	4423.95957447	3439.24369748	5609.83838384	4264.87185355	4233.77915633	3405.38709677	3726.76470588	8227.78509719	8624.71563484	9423.91007194	9488.87365591	10767.8666667	8435.91067762
alpha_rarefaction_140388_8.txt	140388	8	2598.35616438	2540.63559322	3127.51948052	3153.8	2883.12631579	3618.78929766	5737.79241877	6779.02362205	7980.50557621	7458.36231884	7004.60190217	4735.70546318	3561.77034884	5386.88313856	4178.3630137	4171.89637306	3420.95172414	3801.03100775	8099.20812183	8840.42105263	9709.0056926	9216.63049327	10455.7644788	8269.55239064
alpha_rarefaction_140388_9.txt	140388	9	2457.72881356	2450.15384615	3300.71428571	3167.68817204	2904.03875969	3581.33114754	5589.03684211	6657.60655738	7832.16549296	7570.38297872	6985.00384123	4748.7810219	3415.89304813	5569.12676056	4460.72636816	4193.33167082	3375.65116279	3843.89312977	8146.07028754	8504.83551968	9561.21428571	9257.46216955	10565.1345397	8705.56546275
alpha_rarefaction_160442_0.txt	160442	0	2595.14876033	2731.25438596	3251.70285714	3164.53465347	3159.51054852	3575.70093458	5771.55148342	6741.13703704	7897.18895028	7743.53621495	7192.33898305	4712.75630252	3655.77903683	5675.19736842	4521.08391608	n/a	3663.38535032	4013.85	8350.00719424	8804.17296223	9760.98432056	9694.44493392	10765.9866962	8738.50455927
alpha_rarefaction_160442_1.txt	160442	1	2598.61572052	2615.25	3285.58433735	3127.27516779	3137.68992248	3695.60990712	5758.12564544	6855.79004854	7896.20971302	7695.00918485	7135.6870229	4691.65408805	3564.86118252	5691.14382403	4519.61097852	n/a	3481.4054878	4043.88022284	8438.40170032	8788.53615023	9848.24236984	9792.17889908	10655.6516272	8741.18947368
alpha_rarefaction_160442_2.txt	160442	2	2694.25	2547.31474104	3352.38244514	3234.22535211	3112.49609375	3820.00326797	5826.98795181	6814.19689119	7937.33898305	7551.00662252	7283.14285714	4861.49665924	3564.53968254	5668.49658703	4507.5638051	n/a	3635.91304348	4025.13299233	8396.02969247	8970.01010101	9624.05631399	9468.32755633	10756.989313	8663.64889336
alpha_rarefaction_160442_3.txt	160442	3	2582.99122807	2631.64876033	3362.63949843	3222.04895105	3004.99626866	3711.11538462	5764.11538462	6801.52440551	8049.31487889	7776.24063564	7126.83668342	4770.20718816	3593.15384615	5640.63651316	4755.05185185	n/a	3559.83974359	4117.5646438	8317.40862423	8905.17179742	9686.05641026	9751.36675462	10792.357362	8844.64263323
alpha_rarefaction_160442_4.txt	160442	4	2603.08333333	2544.781893	3379.10736196	3182.37627119	3038.53703704	3669.52365931	5799.93838028	6771.57052097	7889.02367531	7536.00109769	7115.36399474	4911.47113164	3625.42541436	5599.33550489	4509.22916667	n/a	3502.73668639	3912.98200514	8406.0	8909.03677932	9956.83714789	9704.39964476	10660.9726937	8761.5754717
alpha_rarefaction_160442_5.txt	160442	5	2648.47916667	2653.08536585	3412.48148148	3087.96052632	3168.22568093	3695.2310231	5865.05604203	6742.9794686	7951.10167598	7810.22014052	7265.56521739	4822.39215686	3592.92	5727.00883392	4410.8807947	n/a	3704.88461538	4068.50819672	8525.60586319	8839.02071006	9786.2757732	9638.27402135	10821.9676946	8675.31546392
alpha_rarefaction_160442_6.txt	160442	6	2752.25	2637.6875	3325.8006135	3161.50662252	3111.36501901	3901.03460208	5792.94168096	6745.49056604	8001.74496644	7618.20512821	7266.74044796	4855.22727273	3668.77521614	5615.79666667	4445.60224719	n/a	3467.72151899	3994.18341709	8364.69158879	8923.38667992	9632.02417962	9664.89320388	10836.8584475	8666.79166667
alpha_rarefaction_160442_7.txt	160442	7	2609.39330544	2685.37037037	3237.43859649	3135.03246753	3145.03831418	3612.0310559	5838.71095153	6811.9	8096.20945946	7677.68631813	7141.19078105	4871.3924612	3608.38461538	5773.64676617	4586.80831409	n/a	3687.44594595	3898.57178841	8369.06976744	8918.91040462	9801.15835521	9467.18080548	10692.8538576	8747.66932271
alpha_rarefaction_160442_8.txt	160442	8	2537.05645161	2601.26229508	3436.91530945	3194.40133779	3112.5037037	3800.28431373	5813.39285714	6740.15075377	7993.07719298	7829.50954654	7094.23929471	4946.84	3632.11080332	5679.06135987	4563.22273782	n/a	3524.55333333	3982.1775	8359.72925311	8687.12596154	10052.3766938	9552.39845758	10809.9664929	8469.74728529
alpha_rarefaction_160442_9.txt	160442	9	2501.0	2683.56223176	3350.35759494	3077.33225806	3124.64044944	3657.51076923	5703.78187919	6853.49812734	7973.71428571	7613.36566332	7155.66057441	4835.85934066	3632.9375	5626.05084746	4620.86407767	n/a	3539.65217391	4047.81216931	8494.55520505	8886.80456349	9829.12511091	9683.25896057	10736.8644717	8645.50050251
alpha_rarefaction_180496_0.txt	180496	0	2647.53881279	2761.95867769	3488.17647059	3317.48096886	3199.28624535	3815.81846154	5956.77586207	6923.12347188	8119.97621622	7921.8013468	7273.04477612	4920.47117296	3789.32676056	5811.71009772	4723.57957245	n/a	3639.15015974	4203.18414322	8626.02205882	9038.12711864	9886.46754314	9860.03076923	10965.9610482	8870.92682927
alpha_rarefaction_180496_1.txt	180496	1	2662.5936255	2734.44621514	3352.06413994	3420.85714286	3247.38888889	3701.06213018	6002.56742557	6888.36253041	8198.67004505	7942.24861265	7428.17139175	4839.93491124	3713.0	5842.90848586	4704.32110092	n/a	3630.76923077	4138.03333333	8629.00630915	9113.38095238	9847.05080645	9806.05694564	11025.1977695	8714.21568627
alpha_rarefaction_180496_2.txt	180496	2	2694.68907563	2798.00411523	3498.40625	3308.9009901	3237.0	3901.75477707	5953.00512821	6955.80517879	8054.4600432	7976.68714448	7351.3252859	4957.10625	3762.97260274	5808.2048	4668.58450704	n/a	3647.0619195	3996.20631068	8667.40212766	9087.91436727	10183.1291449	9750.32698962	10975.5981241	8981.78183613
alpha_rarefaction_180496_3.txt	180496	3	2789.57142857	2805.69456067	3399.38728324	3335.10472973	3280.08270677	3739.6146789	5967.83838384	6886.31021898	8038.65913978	7874.46569179	7317.74375	4984.27142857	3756.81818182	5770.1248	4648.52314815	n/a	3798.69902913	4119.45012788	8611.12565445	9167.6937799	9965.03772003	9790.87860781	11133.394756	8963.94417238
alpha_rarefaction_180496_4.txt	180496	4	2729.53112033	2756.48	3495.56402439	3325.71854305	3258.33707865	3820.63414634	5999.45876289	6944.91898734	8100.1013363	7943.77455357	7338.25765306	4886.12345679	3776.89863014	5814.84109149	4741.35817308	n/a	3775.97	4182.81889764	8626.0293809	9016.43255814	10040.1401548	9800.23670669	11127.834923	8981.97177419
alpha_rarefaction_180496_5.txt	180496	5	2571.8984375	2767.2195122	3574.0310559	3357.8556701	3308.24521073	3778.64220183	5952.18057922	6914.4535316	8085.22608696	7933.5703125	7300.05555556	4995.79375	3723.2027027	5917.04522613	4650.35664336	n/a	3616.90825688	4194.62663185	8647.04751848	9059.5943662	9956.03797468	9888.19948187	11024.312083	8762.47328244
alpha_rarefaction_180496_6.txt	180496	6	2692.3375	2791.48523207	3349.71976401	3274.69155844	3169.87455197	3817.52307692	5958.52196837	6933.08435208	8174.1516165	8025.2283737	7306.43875	4871.35918367	3753.86065574	5935.3	4673.95581395	n/a	3764.5516129	4065.02025316	8640.00632244	9104.79352997	10285.0575221	9847.21513605	11047.7080882	8860.22834646
alpha_rarefaction_180496_7.txt	180496	7	2720.65652174	2699.68181818	3458.44410876	3426.03180212	3244.59851301	3820.90092879	5934.62218371	6937.74937965	8104.23127753	7892.61668546	7312.66248432	4942.22151899	3698.27077748	5763.99511401	4720.92147806	n/a	3670.76875	4159.88859416	8631.0	9115.76313276	10058.8064791	9786.44648829	11091.4363225	9088.41082164
alpha_rarefaction_180496_8.txt	180496	8	2789.33333333	2670.27985075	3404.59347181	3274.63122924	3264.04710145	3879.86942675	5881.30936455	6843.88768116	8206.33149171	7998.63235294	7380.24680307	4848.70858283	3757.34146341	5781.656	4677.17272727	n/a	3622.58282209	4019.36319613	8618.06918239	9064.39068441	9862.83485477	9937.29694323	11225.3424759	8872.31516353
alpha_rarefaction_180496_9.txt	180496	9	2651.97530864	2746.78688525	3395.33433735	3387.48239437	3253.02272727	3812.90087464	6021.06423611	6857.95078031	8071.33733624	7866.94288914	7359.90191083	4912.62603306	3773.49447514	5858.4822335	4789.12590799	n/a	3674.54716981	4197.04336735	8659.22292994	9224.12100678	10068.3374019	9866.0672994	11104.1291759	8986.0852329
alpha_rarefaction_200550_0.txt	200550	0	2785.20425532	2756.92105263	3496.54310345	n/a	3388.56390977	3993.72615385	n/a	n/a	8294.77360515	n/a	n/a	n/a	n/a	5993.6407767	n/a	n/a	3821.59813084	4222.39447236	n/a	n/a	10255.0299003	n/a	11276.1866275	9094.94269341
alpha_rarefaction_200550_1.txt	200550	1	2724.01992032	2881.70731707	3554.86746988	n/a	3366.41791045	3954.55722892	n/a	n/a	8332.04013378	n/a	n/a	n/a	n/a	6023.7516129	n/a	n/a	3858.44761905	4362.32368421	n/a	n/a	10393.8070767	n/a	11167.7781845	9154.4255112
alpha_rarefaction_200550_2.txt	200550	2	2877.01746725	2818.90909091	3487.3988764	n/a	3310.4270073	3991.00303951	n/a	n/a	8243.59677419	n/a	n/a	n/a	n/a	5963.77170418	n/a	n/a	3807.68181818	4302.06169666	n/a	n/a	10423.72	n/a	11371.9096168	9063.31543624
alpha_rarefaction_200550_3.txt	200550	3	2794.66382979	2744.6627907	3450.3258427	n/a	3336.22794118	3985.57142857	n/a	n/a	8297.11891892	n/a	n/a	n/a	n/a	5957.02076677	n/a	n/a	3883.68589744	4343.17241379	n/a	n/a	10320.5294118	n/a	11185.9930604	9139.59803922
alpha_rarefaction_200550_4.txt	200550	4	2796.82995951	2826.09638554	3545.10619469	n/a	3388.90038314	3954.55722892	n/a	n/a	8273.5487013	n/a	n/a	n/a	n/a	5874.0859375	n/a	n/a	3785.06441718	4306.76633166	n/a	n/a	10170.6744561	n/a	11250.5878617	9123.16764133
alpha_rarefaction_200550_5.txt	200550	5	2768.95238095	2916.67782427	3500.56358382	n/a	3356.9389313	3954.66666667	n/a	n/a	8281.54535637	n/a	n/a	n/a	n/a	6029.04878049	n/a	n/a	3767.7808642	4185.57317073	n/a	n/a	10164.9643147	n/a	11228.4897959	9092.14534884
alpha_rarefaction_200550_6.txt	200550	6	2687.95967742	2766.83703704	3530.90462428	n/a	3436.11068702	3957.33333333	n/a	n/a	8323.32644178	n/a	n/a	n/a	n/a	5923.17432647	n/a	n/a	3784.58588957	4233.18159204	n/a	n/a	10308.0372825	n/a	11192.365	9120.92994242
alpha_rarefaction_200550_7.txt	200550	7	2785.65560166	2804.28458498	3554.58064516	n/a	3416.32183908	3979.15197568	n/a	n/a	8251.30462185	n/a	n/a	n/a	n/a	5969.02076677	n/a	n/a	4005.24242424	4237.6125	n/a	n/a	10136.3944354	n/a	11058.4252632	9075.06214689
alpha_rarefaction_200550_8.txt	200550	8	2719.06451613	2833.76136364	3474.26345609	n/a	3352.19245283	3970.74468085	n/a	n/a	8313.10011001	n/a	n/a	n/a	n/a	5961.23595506	n/a	n/a	3742.97922849	4284.47927461	n/a	n/a	10243.4598361	n/a	11355.3946025	9058.59711538
alpha_rarefaction_200550_9.txt	200550	9	2819.13191489	2791.37647059	3456.16949153	n/a	3408.44106464	3986.60909091	n/a	n/a	8353.09912854	n/a	n/a	n/a	n/a	5928.04	n/a	n/a	3872.97106109	4257.23115578	n/a	n/a	10213.7419885	n/a	11211.5455208	9196.73736373