	sequences per sample	iteration	R1_A_D1	R1_A_D2	R1_B_D1	R1_B_D2	R1_C_D1	R1_C_D2	R2A_A_D1	R2A_A_D2	R2A_B_D1	R2A_B_D2	R2A_C_D1	R2A_C_D2	R2_A_D1	R2_A_D2	R2_B_D1	R2_B_D2	R2_C_D1	R2_C_D2	SF2_A_D1	SF2_A_D2	SF2_B_D1	SF2_B_D2	SF2_C_D1	SF2_C_D2
alpha_rarefaction_10_0.txt	10	0	3.397819044	3.503335484	5.05145094	2.949343352	3.216184227	3.937463169	3.486203111	3.24823397	3.859761235	3.164710271	4.316312347	2.743887752	3.323735846	5.71958763	2.795142365	3.334225604	4.351198459	4.547954195	4.085814927	2.973809179	2.710817112	2.929864596	3.352301204	4.353532964
alpha_rarefaction_10_1.txt	10	1	2.562647452	2.740394305	3.997996443	3.117609188	2.977246672	5.08478099	3.496715785	3.158460169	2.859710505	3.527855886	2.456790944	3.168715544	4.708880642	3.801399578	4.225435539	3.928330734	3.4442551	2.539397269	2.414266971	3.805010059	2.723794134	2.967656494	3.804897043	2.573669744
alpha_rarefaction_10_2.txt	10	2	3.842966842	3.191361913	4.996850509	2.447046496	4.693280101	3.705075366	3.77305186	3.563183404	3.017275073	3.15257633	3.761750813	3.702870274	3.666273675	4.45389424	3.475967078	3.361392983	3.794671935	3.575273284	3.653355572	1.926595129	3.296972765	2.512274795	2.57389723	3.496603072
alpha_rarefaction_10_3.txt	10	3	3.413676846	2.677379271	2.820110271	2.662505157	3.38123258	4.083249561	4.238904508	3.362663477	3.3019897	4.759574115	3.647827434	3.584675415	4.266180499	4.02406982	2.948065127	2.768931403	5.501796057	2.522535375	2.281089182	3.045901949	2.481980196	2.708677487	2.998312255	2.67902259
alpha_rarefaction_10_4.txt	10	4	3.146961532	4.037414261	4.167880724	2.722212284	3.863056853	4.38079663	2.961032052	3.649221384	3.114173961	3.072041874	3.537860884	2.823587424	2.80456266	4.691893113	4.497282807	4.566401887	3.121204485	5.034575943	2.72181187	2.442378003	3.648230524	1.875596612	2.785118657	3.280141483
alpha_rarefaction_10_5.txt	10	5	3.170699488	3.533556169	2.544843901	4.121648429	3.303268185	3.194863752	2.640925285	3.596311511	3.235454402	3.77486536	2.804657429	3.177020318	4.586325647	4.55790066	4.282974572	3.065336234	3.845198366	3.925056898	2.429678244	2.572121555	3.265640027	2.135701245	3.420907142	3.867873461
alpha_rarefaction_10_6.txt	10	6	2.96636693	3.484270616	3.172239924	3.775133633	4.006086244	2.644135033	3.646810635	4.072913458	3.999043124	3.621419387	3.623094605	2.593425815	2.803267262	4.39980118	4.739661608	4.386191994	2.697973043	4.445998083	2.725980558	4.497862207	4.576362578	3.090520884	3.212814276	2.440458975
alpha_rarefaction_10_7.txt	10	7	1.886518513	2.66388576	3.084568097	3.58716954	3.22899806	3.807746576	3.599058183	3.693957893	3.329219648	3.19318945	3.500747201	2.777610222	3.369995655	3.627389212	4.210772759	3.171142768	4.041190658	3.185507454	3.245384013	3.186331658	2.683445316	2.390582706	3.040698277	2.870884033
alpha_rarefaction_10_8.txt	10	8	2.522068318	3.627325302	3.242117859	2.547053439	3.997560975	3.657008279	3.51547673	3.300077859	2.580437339	3.239985552	3.387191328	3.155869027	3.177103473	4.465468848	3.765187009	4.88606153	2.816348201	2.576300168	2.539442915	1.914228784	3.95101651	2.899209755	3.30312654	4.669636344
alpha_rarefaction_10_9.txt	10	9	3.886485776	2.398784269	2.898978406	3.891709937	2.806940161	4.581649273	4.012335811	4.840322273	3.301908559	2.745914656	4.544631393	3.400648839	4.758310368	4.576552822	4.233215938	4.168625869	3.456880213	3.400436771	2.345910759	3.129215401	3.500826677	2.773857158	2.657631822	3.237964715
alpha_rarefaction_20064_0.txt	20064	0	91.375899344	88.202531524	112.649015267	106.04424354	106.816484609	105.740680845	151.850974194	199.915140204	203.335963454	201.34421071	193.120774143	138.083339745	121.628044846	177.822125954	147.97171129	135.447431388	123.810352597	130.87113761	213.852694888	201.772827978	229.565491727	228.483203569	255.986611001	205.285264787
alpha_rarefaction_20064_1.txt	20064	1	88.497495557	89.371739021	113.565778205	104.537596515	103.211823237	112.391662779	152.113559343	198.912898409	201.541672818	206.150541717	188.848804541	142.238723832	121.691755562	178.28847452	151.584621991	133.671416029	124.568192821	132.241348037	220.863700404	202.359997816	236.697848113	233.266016937	259.413231544	203.327233058
alpha_rarefaction_20064_2.txt	20064	2	86.970124073	90.137324898	112.011687561	104.522685892	103.41974946	114.52797167	151.947773806	198.519574973	203.090308142	201.515160724	189.046157341	143.077129621	118.642571951	176.056775009	147.389836859	129.759151313	124.678490043	132.207944604	220.011657169	204.208927161	234.434414003	232.476575303	258.69685729	207.047797339
alpha_rarefaction_20064_3.txt	20064	3	91.220748111	91.103664906	114.403787722	103.40060385	101.406458214	112.57207688	155.576544122	199.534164449	205.472875281	202.781410327	193.29765101	143.93935403	124.166541687	175.302767924	148.93625361	137.208720082	127.00344155	130.254637905	218.842456233	207.497182852	226.762709728	227.536987993	256.419502583	207.880826816
alpha_rarefaction_20064_4.txt	20064	4	91.701656355	87.781935961	111.885230435	103.184082736	103.610709282	111.827279455	155.622896456	201.148995142	200.930723798	199.959962231	193.131369995	144.487790915	119.622134416	179.103909461	149.240327628	136.436859046	124.573282911	131.085370251	219.94432152	204.925445034	234.417758397	230.046520876	255.170307367	206.127857948
alpha_rarefaction_20064_5.txt	20064	5	85.356185275	86.177819215	114.425784972	105.656334367	102.632746399	108.958148827	156.641447676	195.296838238	202.506492471	200.743624105	190.156277959	140.937039176	117.641013872	177.612648572	148.336433651	136.955525118	122.500583567	131.385337229	222.177593613	204.33944515	239.271729538	227.16782065	260.895747307	206.569750673
alpha_rarefaction_20064_6.txt	20064	6	89.856921917	90.999893761	113.123882885	106.333294648	106.482698715	112.469685675	154.168595302	195.020981457	203.443314502	204.234841553	195.321014745	142.449273894	122.556713888	176.256045005	150.011931065	134.021782001	125.20317881	131.303272826	225.734274589	200.365870947	231.899807087	234.392700157	263.205337951	208.321903819
alpha_rarefaction_20064_7.txt	20064	7	89.919781993	86.671383688	113.784521255	107.169442019	104.93434496	110.206994259	150.251571108	197.691345725	200.321501874	197.445851871	192.893915265	142.002164497	121.607768212	176.952193426	150.144707236	137.179463992	124.665505498	133.790288481	219.793366922	202.822845538	237.35421247	236.944045736	256.077661207	202.559533076
alpha_rarefaction_20064_8.txt	20064	8	88.986697309	91.91043465	110.845724471	109.94257772	103.364991323	114.592520415	149.560284811	196.749828272	206.353010703	201.370634485	189.894635979	145.363118938	123.630848862	176.501980418	149.745219049	134.652551818	126.37363439	128.900760919	215.956125739	203.147539424	230.582881435	226.601149175	254.274205395	202.904947076
alpha_rarefaction_20064_9.txt	20064	9	87.77493374	90.318012714	115.641410152	108.038426033	107.858806491	108.683828887	153.966312057	199.571570105	206.936027337	201.875190806	191.069394293	143.202701129	121.112435834	179.747635705	149.013655192	134.79637624	123.581851425	129.833139238	214.935553102	205.358936387	237.162518651	233.260604135	254.611553006	207.391200865
alpha_rarefaction_40118_0.txt	40118	0	111.485318567	104.855556468	135.600237131	133.529277814	129.072733791	143.659300753	189.817074124	240.815402544	253.966165592	255.117547395	237.718240928	173.566138432	147.972665732	222.648255288	181.680376203	170.184658545	151.647409247	163.919436376	273.832488723	259.684029496	297.161889572	295.478767712	327.570676726	264.330960287
alpha_rarefaction_40118_1.txt	40118	1	111.518220595	108.864525499	142.783228314	133.520348465	122.901675303	141.201888697	191.548061366	247.997996079	254.165859308	255.468511176	242.88255204	175.619599048	151.186719167	219.04956553	185.448854307	168.788107547	152.033027899	164.394847002	276.638099737	261.868010244	298.784673264	294.167833706	327.198512916	263.981117258
alpha_rarefaction_40118_2.txt	40118	2	109.288729246	108.962091837	133.873527725	134.054604966	129.857265214	141.031703725	186.687079346	244.041139775	255.341544577	253.123889996	241.121592367	173.861560965	149.834460121	218.316946032	181.995415883	166.574821861	147.199120583	161.622037668	274.464461254	255.462953775	295.325331014	295.171852618	333.64273669	266.066976787
alpha_rarefaction_40118_3.txt	40118	3	105.61719694	108.095934754	137.419982579	135.014411868	128.785283588	140.501436221	190.597153834	243.802177622	255.574098727	254.934503295	243.193766214	177.876294827	150.976199105	213.797491967	183.095178113	167.698280923	150.262112647	163.363581048	275.983737793	261.269354578	299.086979455	295.830417398	335.089864673	260.870719595
alpha_rarefaction_40118_4.txt	40118	4	107.486073438	106.146335025	140.997418498	132.899381372	126.040348879	145.323595449	193.361704625	246.910335845	256.216996016	254.401997413	238.863658221	179.533630925	150.348710832	216.378431789	187.151303035	167.192643959	151.034115933	163.469235285	277.147959144	262.309346807	297.258420814	295.246443155	332.960958429	260.508264021
alpha_rarefaction_40118_5.txt	40118	5	104.457484954	105.87032634	142.125038069	132.243781414	125.808799305	136.965132246	192.750440264	243.49744806	257.14084126	252.021837133	238.041067629	176.681594505	151.013664051	223.382278753	185.124581511	165.353873494	149.823629396	162.59500208	274.488932731	255.413173482	294.499304378	292.460573123	326.358387437	264.609609492
alpha_rarefaction_40118_6.txt	40118	6	109.209280159	107.198676404	135.429390633	131.168510936	128.007607916	137.689488027	192.191254343	243.982642631	257.856028924	256.143596254	242.291390727	178.298989648	150.301133377	219.101948999	182.784817297	168.31571364	149.038342896	160.934857988	273.191325683	259.945161391	295.399141931	293.800326031	330.355112188	260.951640928
alpha_rarefaction_40118_7.txt	40118	7	107.621267457	106.864713999	139.954635256	134.051515333	125.882171757	139.612480008	186.68451481	248.15410329	255.391531641	251.710116875	239.474023546	176.04130921	151.644670854	217.242993028	178.391028586	169.863940151	152.466617813	164.454833384	277.994295705	258.43973472	296.818615276	295.022406375	330.931586672	260.224010226
alpha_rarefaction_40118_8.txt	40118	8	106.494071615	109.395367433	139.604638223	131.416154226	126.371388407	138.415901503	192.059103416	246.208181668	255.015296661	249.287639824	238.185996462	171.28626344	151.966587154	219.541660467	183.501979014	169.460270676	152.445913813	159.398017485	275.293595791	258.662562341	294.487477674	294.954683844	330.178554876	258.322610496
alpha_rarefaction_40118_9.txt	40118	9	107.67284013	110.176376118	137.749609381	130.087903365	126.435871392	142.486600393	193.568662736	246.64969438	255.773647556	256.52508568	241.184949513	176.574665013	149.735002491	219.133293496	182.358456006	169.995789899	149.870307535	161.344207468	271.616595355	260.625690679	294.615531169	298.513109076	334.359219596	264.072725131
alpha_rarefaction_60172_0.txt	60172	0	122.608538273	121.429154496	159.092175561	147.769511081	143.406457423	156.066396074	214.421939138	273.75632438	289.427282188	282.891903152	267.753196894	199.267078896	167.115010617	245.745330734	205.630065771	191.80759858	167.931969408	180.744295956	313.211820855	291.119656995	339.537127659	334.084076722	378.970131902	299.348261326
alpha_rarefaction_60172_1.txt	60172	1	118.449523993	122.89760748	157.476389024	148.568630689	143.05738776	157.941986117	212.485563079	272.818326871	286.26535922	283.868890514	267.303250292	193.805424236	166.329353024	248.219517271	205.439207967	187.702558951	167.797400751	185.083213094	316.823565673	297.864848236	337.660800772	332.200417687	374.900351863	298.677510636
alpha_rarefaction_60172_2.txt	60172	2	124.812994032	122.866237458	157.074715781	146.184516995	143.957385641	152.908698857	215.304618443	274.04261822	284.154894336	286.234331217	271.642683714	197.614861243	168.807560437	248.532627301	201.376385274	188.762793825	167.350240074	183.235338094	308.910932482	296.377471215	331.261489598	338.093537208	376.944888779	301.045270293
alpha_rarefaction_60172_3.txt	60172	3	120.130165905	122.986316171	154.203058894	151.260712591	141.205706149	161.061460891	216.552028478	277.776955129	289.156025346	281.596371434	267.667214006	199.995951403	170.101578862	247.895515544	206.998929103	187.177702259	170.382330499	181.051486138	309.819547388	298.673089872	340.851203633	335.978381505	375.573921224	302.289088439
alpha_rarefaction_60172_4.txt	60172	4	120.548510664	120.442742499	154.706491268	149.590533091	140.210436555	157.503099232	213.951476842	274.407938945	287.455644887	283.006973244	268.075066593	194.642830951	168.9059954	246.351026639	205.159894394	189.003188967	165.51927683	182.590060304	307.842520744	295.716291949	336.448635687	329.433934635	370.138783385	299.750253885
alpha_rarefaction_60172_5.txt	60172	5	118.586838266	119.651196838	155.80680154	150.597775933	142.51876134	156.84868282	213.937478959	271.670782938	289.684450013	285.616312188	270.393994521	196.296329992	171.536183925	246.909241189	206.098252245	192.186294849	166.63214742	182.356657928	311.778698887	296.007203734	339.180370165	334.343978226	376.971614793	295.356282079
alpha_rarefaction_60172_6.txt	60172	6	120.677229426	123.171210455	157.058193664	150.576318142	144.491983617	158.520160883	214.866505029	272.887948055	284.803743409	287.688490038	266.39647885	195.587432084	166.199539314	242.8376188	205.928725737	187.211360428	166.146668478	185.184098434	314.44867955	294.070790583	334.167288359	338.095565005	373.045152608	296.750150564
alpha_rarefaction_60172_7.txt	60172	7	121.148216421	122.037990852	156.112644361	149.608129651	141.569744086	153.490247064	215.76680487	275.417771703	282.061225434	285.147586838	267.427451002	198.694074922	170.404060311	244.612428738	204.731850764	189.444695292	167.550669558	183.68323406	314.023131233	294.208668852	338.345402767	340.529282055	376.267266887	295.677372268
alpha_rarefaction_60172_8.txt	60172	8	120.841136635	122.25203535	154.414300149	151.184119031	143.184575039	155.714747619	211.371615717	275.46719346	288.455991802	283.707726096	271.480615842	195.1621918	168.703176264	246.805625404	204.824604404	193.010859147	166.76898414	184.23011916	314.448243614	291.868055126	333.839348332	334.512342818	374.917482007	301.669973457
alpha_rarefaction_60172_9.txt	60172	9	122.193950244	122.50751515	160.177205958	147.475663138	142.038843957	155.958703505	217.111056355	272.319404654	287.355740552	285.592724133	269.031297405	197.264098474	169.378794406	244.350163645	205.859349933	192.722345587	162.88870141	182.67228625	313.764466519	290.51448221	341.44969198	331.942335454	375.729229727	299.969651185
alpha_rarefaction_80226_0.txt	80226	0	133.658418415	130.914028255	167.633933867	160.162807128	155.321249576	172.473088613	228.654438528	295.136431842	309.899770409	313.714093719	292.025047445	213.711042232	183.508407763	264.436052075	223.270107748	204.392656041	179.312710548	196.410961261	335.945744475	323.793707581	368.644220251	365.91585977	410.032378055	327.086939569
alpha_rarefaction_80226_1.txt	80226	1	129.180315545	133.82404842	168.445227004	162.699214054	157.604064192	170.211289313	230.55803723	296.174849205	311.258873388	311.090879209	289.942183651	209.827367006	181.787260526	264.571449672	222.174148834	204.350582496	176.552967398	199.466071802	339.568526605	322.28864833	365.884900348	361.042610967	408.463158541	322.350298534
alpha_rarefaction_80226_2.txt	80226	2	130.537969853	130.125530729	168.679836675	160.357029465	152.612062861	170.341504168	231.027371675	294.157376679	308.557381795	310.732497697	289.699782697	215.138159995	182.294547447	270.408077161	219.510937928	207.554211567	175.461578261	198.478486807	337.319401234	322.043049011	366.892736535	361.525776399	408.11834906	325.176746097
alpha_rarefaction_80226_3.txt	80226	3	133.483311874	131.722811421	166.821586079	163.08426676	150.357500685	169.293652304	231.066046317	299.74642069	313.263829307	312.059176795	293.231470543	210.260189425	181.820566976	265.218241551	217.326488101	205.350811059	177.577397015	198.170931282	337.863969619	323.892093194	366.687770551	361.234735829	405.839969329	327.898454599
alpha_rarefaction_80226_4.txt	80226	4	131.735709061	129.436038151	165.38203844	161.33087897	153.169451547	171.522992055	232.563518805	295.524779397	316.65944063	309.918186242	292.923917556	213.541153566	185.402637865	265.138784975	219.429288549	205.762172787	177.690838141	196.171529403	338.371190389	323.093488194	365.335918203	359.831580657	408.354751202	325.682051683
alpha_rarefaction_80226_5.txt	80226	5	130.508653941	131.054641877	165.217137573	162.848310408	154.386553333	173.793223915	234.479429243	295.929574375	312.046571076	309.115002858	291.649062207	212.241209774	183.5840362	267.330777545	220.833294799	202.895080167	177.090562232	199.56476336	339.987293237	322.857857286	364.730533909	366.110105474	408.787618003	325.730245787
alpha_rarefaction_80226_6.txt	80226	6	130.267126868	135.235568549	168.789756331	157.729801716	152.148816769	169.650761106	232.888072735	297.041435538	311.932482827	315.366351607	293.549229452	210.981722536	181.305555593	265.279735954	222.64605217	205.053120053	179.447657248	199.818537042	339.008668853	320.193852616	368.994328053	364.66541555	405.791807551	327.608983744
alpha_rarefaction_80226_7.txt	80226	7	129.199429535	128.774164658	165.068516287	160.395034349	154.715312908	170.274519617	232.806500506	294.282467452	308.485329171	310.821827223	293.797443152	212.34014507	183.251419716	267.57221314	221.577060122	204.241157715	180.093684563	198.348288483	338.49319929	324.447375523	367.742131698	365.471406042	410.988625248	328.283591507
alpha_rarefaction_80226_8.txt	80226	8	129.561602676	130.639732669	167.839764878	162.231881421	151.831366745	168.28456818	232.357866443	294.447218914	310.750643254	311.609842852	293.111750896	217.788038905	181.365431113	262.533684629	221.469599662	205.847758776	176.056807147	195.99469737	339.519630351	321.552143707	366.10887786	370.891648803	408.491889525	326.292682206
alpha_rarefaction_80226_9.txt	80226	9	132.498023589	131.906567946	166.826880986	162.382213067	156.411503595	168.411717627	233.94780504	292.980717136	311.480623932	309.922400433	292.146010259	213.923677388	181.539678837	266.513622052	222.884176047	208.342785506	178.493090633	196.160906205	335.753344126	321.262406312	367.501473498	367.668206172	412.62343647	327.750292538
alpha_rarefaction_100280_0.txt	100280	0	141.36417514	138.840777685	177.703755043	168.827953461	161.633382957	182.860146918	245.990423472	312.02212619	326.21572555	327.35029671	310.331246634	226.229815937	193.357627772	280.831885395	234.498727213	219.989936432	189.795274668	208.292042262	358.064351559	342.153931941	389.389399247	391.121768337	430.381961563	347.193219311
alpha_rarefaction_100280_1.txt	100280	1	139.761204725	141.492379722	176.062385981	169.452992715	162.292886373	180.043370321	245.724372131	310.938185598	331.839683493	327.800964466	312.552309196	225.171710732	194.935615799	283.021767216	233.688674165	217.423976281	188.769690262	208.634299523	360.694609231	344.146062841	389.222645668	389.382887742	434.800721244	347.686184682
alpha_rarefaction_100280_2.txt	100280	2	139.615190415	139.602087593	177.261003456	171.917553812	165.699388343	180.883480592	248.340954757	314.029823336	330.202041879	329.749607542	311.545081232	225.078894837	190.684268013	283.831267613	232.306550931	219.575904592	189.576214298	207.60180881	355.993600679	344.820816663	389.476188189	389.340341723	439.415486795	352.251788655
alpha_rarefaction_100280_3.txt	100280	3	138.511120415	138.974490491	176.766982113	169.065926243	164.19560391	179.188030447	246.61594434	314.643150613	331.487166893	328.654904988	308.408205621	231.929774351	194.183775486	282.038916459	234.203275856	213.971192594	186.006259369	209.573797748	356.979849989	341.694528664	391.868129255	389.868528851	430.074699916	345.802087192
alpha_rarefaction_100280_4.txt	100280	4	138.6780209	142.911180026	177.692113152	168.294718042	162.144951405	179.277509918	247.818582274	313.945910394	329.895629147	327.101668073	314.440365483	228.985395689	192.480460042	279.909825965	234.40370838	215.191886455	188.792992947	208.609872318	359.570224886	342.105356204	390.996271213	385.839310235	435.332570389	351.016640075
alpha_rarefaction_100280_5.txt	100280	5	137.771370351	140.252046139	177.788062076	167.474610666	161.413604557	182.972306322	246.264096838	312.545132542	330.603777461	331.610158474	305.461656822	226.028656636	197.480408416	282.245443678	232.408483792	217.094083677	189.150500019	208.66388003	358.891884098	342.41073078	395.096295444	388.387615861	434.486898805	350.398370879
alpha_rarefaction_100280_6.txt	100280	6	141.591020462	138.680513728	176.953726861	168.051638677	161.865942031	179.627367436	245.934731156	311.917060696	332.668005223	329.583686627	312.04031136	224.027535864	195.025740132	281.667503718	236.599559563	217.47698329	186.874909148	209.003065411	356.387452686	346.955212029	390.319640959	387.577525336	436.328240314	348.73135308
alpha_rarefaction_100280_7.txt	100280	7	138.263394032	139.841557938	177.511721677	172.763472783	163.717694707	182.398905061	247.257407202	311.460210797	332.994081698	328.83684981	312.623840071	225.09524973	194.104223323	282.644464809	230.295432802	219.442902171	185.758627386	207.735417923	360.439058338	340.696314515	394.275355511	389.08153675	434.728248596	347.200266661
alpha_rarefaction_100280_8.txt	100280	8	140.601669248	139.12290472	177.956400974	172.045066146	164.785567769	179.274693214	246.421882522	310.489265651	329.330030021	327.263873849	311.128056972	224.808874871	191.176281391	279.420863884	233.607669744	214.595567336	187.621391305	212.105012479	357.723972981	340.132637024	387.514710196	392.35024018	434.95632619	354.665273861
alpha_rarefaction_100280_9.txt	100280	9	141.037988928	138.73259564	175.165945207	167.99338828	162.933984313	182.829244761	245.925785461	312.29124547	331.195434943	328.848453222	309.033896689	223.398506959	192.093263061	280.243344752	234.880842827	219.054202058	186.580566742	208.181822287	356.777166035	344.49889915	389.70257652	387.928351877	433.277388521	347.985451819
alpha_rarefaction_120334_0.txt	120334	0	147.354293682	148.114119142	184.520506591	177.899874129	170.39277727	190.133861005	255.708999188	324.750359693	348.078596381	343.715887793	326.768826129	237.871901868	204.13073958	293.926371507	245.51932519	227.16239551	194.924972031	220.654974031	372.109238607	362.49347825	410.837320844	407.513318096	457.31194643	367.547212127
alpha_rarefaction_120334_1.txt	120334	1	144.918997732	145.042276574	185.006602494	180.289773584	168.982312457	192.518680239	255.057601359	325.849538504	348.613124714	347.769806921	323.685664447	240.372450578	205.463977433	296.96332265	241.231832479	227.394842544	196.991199883	219.411179204	373.15799698	363.337848775	410.428497092	410.015615967	452.271983252	368.242689591
alpha_rarefaction_120334_2.txt	120334	2	146.48593051	147.58812802	184.960293214	177.960819082	171.63632194	188.58516222	256.297195867	326.315848977	346.834941974	345.581542797	324.000363078	238.827912654	203.950142805	291.342878471	243.885542893	226.053725887	199.063166347	218.579995854	374.934702742	362.474127799	410.726286676	409.369461501	458.070723459	367.710279194
alpha_rarefaction_120334_3.txt	120334	3	146.085319362	147.197118772	186.210065225	179.87569063	172.621286012	190.139516888	258.189665052	326.71510891	347.810497456	347.372252793	324.003785197	239.093880169	202.345783936	292.908928617	244.853592141	228.320829763	201.178245093	220.683273894	375.426034024	363.257361502	409.548283459	409.513640478	456.932527366	366.329807666
alpha_rarefaction_120334_4.txt	120334	4	145.02599594	147.986407084	186.69084788	176.223232356	168.951097837	189.645319043	258.327335353	323.859459756	345.512993713	345.671264005	324.804028624	237.068453043	200.638782721	290.739450967	243.76344132	229.258774689	196.135870532	220.57724238	375.101500483	365.436520787	412.050960405	408.026751104	458.942457302	365.881242767
alpha_rarefaction_120334_5.txt	120334	5	149.993987852	149.481936959	186.315187884	178.624765334	170.151890866	190.862201675	258.08323955	323.760198769	346.792421421	347.362436406	325.025161812	237.316909981	202.128314111	292.839019201	246.270382743	228.462471041	197.668924462	217.959221224	372.338286501	361.237534856	412.201208588	410.550710712	453.624593898	367.000359235
alpha_rarefaction_120334_6.txt	120334	6	143.633826083	147.081222464	185.933019335	178.060542797	168.017078103	190.239011354	262.375237398	323.904695029	347.317220079	346.907087734	321.179653846	238.38862946	204.791034886	294.682515965	244.315760351	228.722842297	195.925774297	220.516048389	373.596361918	363.728349423	412.183544036	409.959349009	452.689058736	367.351323901
alpha_rarefaction_120334_7.txt	120334	7	146.474707395	148.018151263	186.209506629	180.71265593	170.351838286	189.610366112	260.069114748	325.048659373	346.523945456	343.105918801	325.428002786	237.056639052	202.538694867	293.131327752	245.024505613	227.565573108	194.425155022	216.794786572	376.356867208	360.368508792	409.734308425	407.946127875	457.714164919	367.301345784
alpha_rarefaction_120334_8.txt	120334	8	148.111904901	147.286062197	185.565110916	178.108864352	172.435703465	192.025103221	256.774254074	325.208884911	347.246972108	344.123476921	325.223646275	237.533469893	202.282463889	293.635878241	246.001881441	229.639591498	196.066516358	215.967635098	373.48213366	361.644707654	413.380046405	409.566055344	456.365839788	367.802610338
alpha_rarefaction_120334_9.txt	120334	9	145.922019945	148.356937645	184.5474193	178.382994934	168.053834984	189.172589516	258.090641522	327.035434405	344.902793572	346.346584446	323.326036242	238.694325776	203.967668019	293.770699321	244.066048099	230.763106187	199.749762294	216.475276392	373.122067266	363.777538074	407.684720514	410.133113081	456.652211847	364.063285291
alpha_rarefaction_140388_0.txt	140388	0	150.836295275	153.514084674	195.132896408	188.750406556	176.862016732	198.030215809	265.780087672	338.2624568	361.707531377	359.834726922	338.756486071	246.350823212	211.26133144	305.680360677	252.812001211	236.757833562	200.578310873	228.625717438	388.322173611	377.77302311	426.421812193	425.604030502	475.734291088	385.025290679
alpha_rarefaction_140388_1.txt	140388	1	151.164787309	155.295720547	192.847506829	185.901817266	175.251945366	199.357008459	268.374908787	333.272669327	360.274144897	357.365324496	336.546302416	248.369825489	213.282347578	304.100289808	253.767492168	237.062458842	203.995779593	226.575839889	388.745648886	378.550306873	425.258818862	425.677744946	473.554546982	380.861567024
alpha_rarefaction_140388_2.txt	140388	2	148.992237095	154.1260451	192.561775017	182.418908997	180.481239049	198.73706567	269.547074465	336.519680656	358.457601196	356.728176082	338.20261897	247.742497378	209.899939454	305.793823075	253.418584	237.271042089	202.007196749	227.92453184	389.468392566	376.258249407	426.947696294	423.102136283	472.816384388	381.6562369
alpha_rarefaction_140388_3.txt	140388	3	154.140258388	154.13869641	194.758712878	186.676719786	177.002649437	199.675535234	271.140363045	335.370394835	357.21134921	358.270135908	334.720270846	249.598672339	211.305608158	305.082974503	254.574965902	237.902119033	203.855439072	226.192163438	388.592972366	381.065538851	426.319235723	427.537278759	473.163318551	385.984300103
alpha_rarefaction_140388_4.txt	140388	4	151.499463085	150.625904655	194.422275492	186.956244576	177.977828342	199.184216778	265.378714072	333.657018668	359.09105771	361.479052305	336.509567215	248.931764019	212.043013552	303.683360017	252.115624335	237.331475773	201.746348309	227.264866721	387.351192231	378.598076915	426.242445998	426.863759858	472.382626566	383.319986407
alpha_rarefaction_140388_5.txt	140388	5	151.057805381	152.160120136	194.972282843	184.929868467	176.452357424	198.101499332	268.736214701	334.633633815	360.272734607	359.122424143	336.887107012	245.597124944	207.381822859	304.68078988	252.041785275	238.877388258	201.955825515	227.217624943	389.576839074	379.293496634	427.715261346	425.207429582	476.825883471	381.863636245
alpha_rarefaction_140388_6.txt	140388	6	150.023142071	153.543419392	193.040433527	187.436656231	175.469975574	196.879788849	265.596059409	336.643033181	363.133494676	359.004689123	338.065323426	248.116088708	209.487081432	300.315671231	255.566955691	237.65011926	203.287969423	228.291377443	389.416294803	376.930021066	426.254383431	423.492844788	475.277359983	381.856293233
alpha_rarefaction_140388_7.txt	140388	7	153.429949283	152.396165426	191.744735667	189.293825623	178.322717947	198.927429874	268.997119065	335.686970826	359.453276464	361.909719821	336.696052816	246.487721938	210.636444094	306.567463257	253.960901207	238.449425007	203.014964257	227.306452808	387.143981236	374.973497969	424.269280896	429.670048868	477.78039582	383.216494487
alpha_rarefaction_140388_8.txt	140388	8	152.861610333	152.464014497	191.839241303	186.714657732	179.285283471	199.677704181	270.443551235	336.573492775	359.663472385	357.42380755	336.912173144	247.82269458	209.546874305	302.320419106	253.186267725	235.932770669	202.942909592	227.467443485	386.904704228	378.677455742	427.443452526	424.460285265	471.990921248	382.225976595
alpha_rarefaction_140388_9.txt	140388	9	151.840183393	151.215907031	192.898300141	186.746493422	175.969845736	197.534393944	267.816249542	333.373923383	360.126747805	359.880181084	339.74237676	247.526677949	209.593213374	304.824733838	253.138217961	237.898200844	202.456907681	229.656139453	388.060667979	377.959049226	427.713768263	422.445281646	476.042635581	383.543238105
alpha_rarefaction_160442_0.txt	160442	0	158.224534506	159.653544805	198.187085845	193.892001645	181.980849063	203.157467148	276.284076325	345.426053427	369.229008445	370.105425259	346.224152516	255.686566701	217.547541595	312.770589947	258.692936064	n/a	210.809759998	236.375017336	401.211901499	389.530997651	441.331027792	441.131659078	487.790058173	397.35887211
alpha_rarefaction_160442_1.txt	160442	1	155.37928549	158.042639799	197.981589759	192.792931578	184.258188748	206.986039803	275.231994898	348.44602179	370.980718007	370.943456963	347.095756816	254.607631079	218.556230699	313.962787156	260.5622861	n/a	209.764724187	233.593376798	400.153386478	392.738110236	439.884834633	441.075206737	488.525735374	395.108332406
alpha_rarefaction_160442_2.txt	160442	2	158.688370019	159.411833803	199.66434108	194.16204549	184.110419315	207.251028285	277.712332988	343.107249242	371.696951797	372.202121775	348.168631658	256.378465725	217.3541166	313.829384743	261.701587124	n/a	210.978725766	235.626071408	399.187543173	392.119211729	441.855667199	438.802662092	490.460692119	397.345363856
alpha_rarefaction_160442_3.txt	160442	3	155.490287357	158.296644025	199.023434745	193.776422854	182.444740818	203.876671942	276.879700882	345.237470486	372.403842445	373.257405004	348.966812907	255.922260027	216.4387969	313.818622515	264.20896497	n/a	209.845859145	235.806085724	399.887606675	390.821276415	440.834084719	443.909834065	488.646153562	398.526711878
alpha_rarefaction_160442_4.txt	160442	4	155.18145803	157.554682532	199.128132104	192.476354504	181.962112348	205.548916299	276.916933442	346.055451962	368.578753156	369.657942691	345.219999988	256.422566509	218.878950614	315.217110687	261.942697543	n/a	211.153359133	234.779440231	401.017219583	392.403020034	445.561361854	440.430561264	487.447662162	394.471428894
alpha_rarefaction_160442_5.txt	160442	5	158.061385638	157.992558522	199.433897272	193.466663866	183.709915228	205.54092871	278.241166368	346.491232865	370.470349907	372.668092845	347.915992238	256.332384489	218.399608275	312.245180273	259.59701976	n/a	208.664109717	234.595182838	400.996261214	390.232051734	445.137996358	439.39675903	486.510740443	393.977494589
alpha_rarefaction_160442_6.txt	160442	6	158.099620875	158.435786572	197.219381627	194.060078715	184.807016197	207.000291732	277.84583056	345.289872749	371.753139317	370.349832168	346.053521338	256.451287026	216.173343068	312.711956645	260.971476936	n/a	207.647023171	236.668440864	398.591673403	391.974485062	438.736882003	440.390365925	490.340070231	396.061754367
alpha_rarefaction_160442_7.txt	160442	7	156.611049404	160.002640634	199.216613815	190.668610807	184.781795658	204.848444693	276.900056068	346.851538001	374.930861333	371.33198071	347.643246258	254.816024514	216.10943189	314.347866479	262.001341125	n/a	211.15128807	233.354133905	398.915154246	394.487704148	440.26786479	439.903033271	486.153813201	398.188482622
alpha_rarefaction_160442_8.txt	160442	8	156.340258981	158.850004225	200.042166552	192.551649161	184.251531158	207.819831017	277.490262107	343.672280584	371.197948558	370.587658438	347.329125924	256.756848633	217.434046556	313.18676383	262.6332598	n/a	208.305298243	236.84903361	400.222646007	389.956212434	442.720465417	441.317905309	491.357219452	396.357542367
alpha_rarefaction_160442_9.txt	160442	9	154.478102664	160.044460498	200.746178849	192.235417287	183.358345638	205.050308922	277.342627583	346.58021787	371.079692909	370.154648064	347.514048618	255.956718198	216.081320391	313.815980714	263.256914131	n/a	210.643160158	233.796086136	400.160921099	391.437597303	441.410664875	438.524931271	490.129061369	397.867948838
alpha_rarefaction_180496_0.txt	180496	0	159.300810665	162.959022767	205.561303362	198.378935297	188.666303505	212.975264485	284.831720157	354.091736441	380.964454441	381.376596855	357.066701378	264.931682953	222.476884012	322.61060191	268.294283376	n/a	214.119104007	241.004940805	410.52984952	403.115412895	454.530548318	452.716804702	502.186187852	407.97379712
alpha_rarefaction_180496_1.txt	180496	1	160.305180517	164.573493017	203.086437885	200.764608144	189.689668136	210.932916971	284.879228979	354.195373407	381.680082078	382.206420146	357.40385682	263.290998217	223.559439156	321.69841122	268.911298421	n/a	213.719101096	242.030739354	410.612261413	404.643338305	452.922348396	451.734402244	502.930323532	408.982431257
alpha_rarefaction_180496_2.txt	180496	2	161.858620458	164.987861313	203.898070139	199.119818955	189.127404071	213.415740089	285.379392985	354.462390425	382.532984645	381.84953088	357.372915871	263.700973619	224.074693428	321.893884638	267.614339283	n/a	214.285203614	239.453481015	410.411842087	403.887521297	454.369155478	450.030512205	502.436349705	409.749493129
alpha_rarefaction_180496_3.txt	180496	3	160.875382628	165.569489935	204.550547565	199.273649348	190.110498155	210.738979531	285.118631468	353.826189338	381.349301749	379.880738851	356.389159516	264.743646844	223.440660345	321.628680144	267.491373753	n/a	217.268184366	239.866111807	410.460600117	405.378403008	453.185949897	452.024944552	506.185130855	407.61076252
alpha_rarefaction_180496_4.txt	180496	4	162.391252722	164.099744814	203.391763659	199.460568502	189.288563768	211.799245432	286.181449832	354.931873581	381.73948158	381.853348583	356.50881355	264.565382784	224.010223192	321.793625465	268.591015733	n/a	216.421190146	242.144033683	410.732969139	403.783679135	455.045978902	453.075147406	505.818803781	409.320627059
alpha_rarefaction_180496_5.txt	180496	5	160.173537621	163.333677934	205.973627618	199.408995261	190.300744827	210.22281576	285.194898644	354.998226346	380.233963139	382.311339283	358.101407885	264.821057259	223.759870152	323.220929648	268.972610952	n/a	215.27983591	241.038042149	410.620987975	404.033866118	453.531316512	452.676984788	500.640234616	405.735732711
alpha_rarefaction_180496_6.txt	180496	6	162.025841981	163.632219511	202.963746541	199.51685778	189.083753905	213.805228635	284.843033426	353.95799045	380.551599627	381.053209033	357.794328265	263.660567541	223.974820781	323.029565118	269.716056699	n/a	216.050937387	240.968355163	410.580687275	403.907482461	454.745370619	453.234709666	503.402651317	407.984905671
alpha_rarefaction_180496_7.txt	180496	7	160.994214536	165.156596814	204.070564597	199.414000286	190.256542886	213.542769961	284.7454856	354.270730925	381.782391398	380.56886016	355.968484475	264.635386382	223.244682613	322.040813882	270.811221239	n/a	213.404212016	240.149924109	410.544841427	404.262345541	454.726331735	453.212430261	499.427312549	409.723113804
alpha_rarefaction_180496_8.txt	180496	8	164.765904131	164.953436339	204.983211606	198.496029939	191.104565618	212.879528181	284.337520373	353.981410158	381.719290166	382.676879927	356.186583985	264.741478659	223.328434481	320.820145252	269.129624808	n/a	213.991070513	239.875863963	410.521738436	403.565820189	452.844804243	453.635278226	505.768955579	406.800110465
alpha_rarefaction_180496_9.txt	180496	9	160.121107812	162.486433459	204.113583504	198.027692521	188.174563045	213.403134322	285.652165905	354.329589821	380.352992296	381.407806697	358.212300835	263.470575303	223.40307885	322.570735077	268.526547531	n/a	216.030759456	243.252693941	410.281399972	405.377680631	453.807513066	452.747226095	504.327591448	408.196189922
alpha_rarefaction_200550_0.txt	200550	0	165.933824653	168.602502765	208.695880614	n/a	195.291237569	218.533051559	n/a	n/a	391.052853593	n/a	n/a	n/a	n/a	329.973537534	n/a	n/a	220.053421894	247.324414433	n/a	n/a	466.872097129	n/a	513.722921283	418.083899774
alpha_rarefaction_200550_1.txt	200550	1	166.138107868	168.388743418	209.47941631	n/a	195.011166067	219.048576343	n/a	n/a	390.462744237	n/a	n/a	n/a	n/a	330.809199764	n/a	n/a	220.38942243	247.473707484	n/a	n/a	467.039494427	n/a	514.893696522	419.284374687
alpha_rarefaction_200550_2.txt	200550	2	166.405489014	169.229834499	209.471733284	n/a	194.687765195	219.039535563	n/a	n/a	389.918221675	n/a	n/a	n/a	n/a	330.330138502	n/a	n/a	219.30788829	248.256815313	n/a	n/a	466.660092362	n/a	517.406257557	419.993636533
alpha_rarefaction_200550_3.txt	200550	3	165.701543113	168.524307909	208.137369103	n/a	193.988522905	219.036043658	n/a	n/a	388.813689646	n/a	n/a	n/a	n/a	330.230406385	n/a	n/a	219.572747443	247.596496204	n/a	n/a	466.259796915	n/a	515.848577231	419.570232745
alpha_rarefaction_200550_4.txt	200550	4	165.797364344	169.489127996	210.062817634	n/a	194.401709678	218.850075594	n/a	n/a	390.09932477	n/a	n/a	n/a	n/a	329.389003232	n/a	n/a	219.361232069	247.949713988	n/a	n/a	466.597146455	n/a	516.070194506	419.832503542
alpha_rarefaction_200550_5.txt	200550	5	165.346795233	169.202253994	209.270469007	n/a	194.075492949	219.047043509	n/a	n/a	390.781784538	n/a	n/a	n/a	n/a	329.90166472	n/a	n/a	220.120991934	247.00687437	n/a	n/a	466.766741769	n/a	516.204832055	419.235508516
alpha_rarefaction_200550_6.txt	200550	6	164.803057771	169.595130713	208.501423883	n/a	195.379473389	218.868816409	n/a	n/a	389.951700219	n/a	n/a	n/a	n/a	329.330710379	n/a	n/a	220.109491527	247.787700843	n/a	n/a	466.680310237	n/a	513.69999801	419.540837583
alpha_rarefaction_200550_7.txt	200550	7	166.366661534	168.878218581	208.813230001	n/a	194.861208714	218.735349516	n/a	n/a	390.820668317	n/a	n/a	n/a	n/a	330.416728874	n/a	n/a	222.132901874	247.507322287	n/a	n/a	465.026103224	n/a	514.290943947	419.736347798
alpha_rarefaction_200550_8.txt	200550	8	164.167964046	170.296205236	209.156832775	n/a	194.549135853	218.638182167	n/a	n/a	390.373579663	n/a	n/a	n/a	n/a	330.118569616	n/a	n/a	220.502615152	247.445839316	n/a	n/a	466.665342302	n/a	512.390613946	418.562191496
alpha_rarefaction_200550_9.txt	200550	9	165.310640354	169.234598689	208.600889268	n/a	195.090216949	219.247874911	n/a	n/a	391.174269429	n/a	n/a	n/a	n/a	329.544165034	n/a	n/a	218.968621922	246.8443796	n/a	n/a	465.870871275	n/a	514.006706668	417.121433049