	sequences per sample	iteration	R1_A_D1	R1_A_D2	R1_B_D1	R1_B_D2	R1_C_D1	R1_C_D2	R2A_A_D1	R2A_A_D2	R2A_B_D1	R2A_B_D2	R2A_C_D1	R2A_C_D2	R2_A_D1	R2_A_D2	R2_B_D1	R2_B_D2	R2_C_D1	R2_C_D2	SF2_A_D1	SF2_A_D2	SF2_B_D1	SF2_B_D2	SF2_C_D1	SF2_C_D2
alpha_rarefaction_10_0.txt	10	0	3.32192809489	3.32192809489	3.32192809489	2.92192809489	3.12192809489	3.12192809489	3.12192809489	3.32192809489	3.32192809489	3.32192809489	3.32192809489	3.12192809489	2.92192809489	3.32192809489	3.32192809489	3.32192809489	3.12192809489	3.32192809489	3.32192809489	3.12192809489	3.32192809489	3.12192809489	3.32192809489	3.32192809489
alpha_rarefaction_10_1.txt	10	1	3.12192809489	2.92192809489	3.12192809489	3.32192809489	3.12192809489	3.32192809489	3.32192809489	3.32192809489	3.12192809489	3.32192809489	3.12192809489	3.32192809489	3.12192809489	3.32192809489	3.32192809489	3.12192809489	3.12192809489	3.12192809489	3.12192809489	3.12192809489	3.12192809489	3.12192809489	3.32192809489	2.92192809489
alpha_rarefaction_10_2.txt	10	2	2.16096404744	3.12192809489	3.32192809489	2.92192809489	3.12192809489	3.12192809489	3.32192809489	3.32192809489	3.32192809489	3.32192809489	3.32192809489	2.92192809489	2.84643934467	3.32192809489	3.32192809489	3.32192809489	3.12192809489	3.12192809489	3.32192809489	3.32192809489	3.32192809489	3.32192809489	3.32192809489	3.12192809489
alpha_rarefaction_10_3.txt	10	3	2.84643934467	3.12192809489	3.12192809489	3.12192809489	3.32192809489	3.12192809489	3.32192809489	3.32192809489	3.32192809489	3.32192809489	3.12192809489	3.32192809489	3.12192809489	3.12192809489	3.32192809489	3.12192809489	3.32192809489	2.92192809489	3.12192809489	3.32192809489	3.32192809489	3.32192809489	3.32192809489	2.84643934467
alpha_rarefaction_10_4.txt	10	4	3.12192809489	3.32192809489	2.92192809489	2.92192809489	3.12192809489	3.12192809489	2.92192809489	3.32192809489	3.32192809489	3.32192809489	3.32192809489	3.12192809489	2.64643934467	3.32192809489	3.32192809489	3.12192809489	3.32192809489	3.32192809489	3.12192809489	2.92192809489	3.32192809489	2.84643934467	3.32192809489	3.32192809489
alpha_rarefaction_10_5.txt	10	5	3.12192809489	3.32192809489	3.12192809489	3.12192809489	3.12192809489	3.32192809489	3.32192809489	3.32192809489	3.32192809489	3.32192809489	2.92192809489	3.32192809489	2.84643934467	3.32192809489	3.32192809489	3.32192809489	3.32192809489	3.32192809489	3.32192809489	3.32192809489	3.32192809489	3.32192809489	3.32192809489	3.32192809489
alpha_rarefaction_10_6.txt	10	6	3.12192809489	2.92192809489	3.32192809489	3.32192809489	3.12192809489	3.32192809489	3.32192809489	3.32192809489	3.32192809489	3.32192809489	3.32192809489	3.12192809489	2.52192809489	3.32192809489	3.32192809489	3.32192809489	2.32192809489	3.32192809489	3.12192809489	3.32192809489	3.32192809489	3.32192809489	3.12192809489	3.12192809489
alpha_rarefaction_10_7.txt	10	7	3.12192809489	3.12192809489	3.12192809489	3.32192809489	3.32192809489	2.84643934467	3.32192809489	3.32192809489	3.32192809489	3.32192809489	3.32192809489	3.12192809489	2.52192809489	3.12192809489	3.32192809489	2.92192809489	3.32192809489	3.12192809489	2.84643934467	3.32192809489	3.12192809489	3.32192809489	3.32192809489	2.84643934467
alpha_rarefaction_10_8.txt	10	8	3.12192809489	2.92192809489	3.32192809489	2.84643934467	3.32192809489	3.12192809489	3.32192809489	3.32192809489	3.32192809489	3.32192809489	3.32192809489	3.32192809489	3.32192809489	3.32192809489	3.12192809489	3.12192809489	2.92192809489	3.12192809489	2.84643934467	3.12192809489	3.32192809489	3.12192809489	3.32192809489	3.32192809489
alpha_rarefaction_10_9.txt	10	9	3.32192809489	2.92192809489	3.12192809489	3.12192809489	2.92192809489	3.32192809489	3.12192809489	3.32192809489	3.12192809489	3.12192809489	3.12192809489	3.32192809489	3.32192809489	3.32192809489	3.12192809489	3.32192809489	3.12192809489	3.32192809489	2.92192809489	3.32192809489	3.12192809489	3.12192809489	3.12192809489	3.12192809489
alpha_rarefaction_20064_0.txt	20064	0	6.55050210845	6.18697286477	7.22563020926	6.63037273211	7.04848836664	7.00314317851	8.86854863288	9.61469371832	9.6509086229	8.89669357688	9.27543983114	7.93258767182	6.51602698211	8.51290388203	8.04450389938	7.63216515692	7.41921048297	7.55068397111	8.82917514078	8.58210694379	9.15748311732	9.12956611516	9.45613658029	8.43249376905
alpha_rarefaction_20064_1.txt	20064	1	6.54368777798	6.18008405976	7.25463584971	6.59902807922	7.07838549512	7.03050529581	8.84975419892	9.64047641099	9.61685749526	8.92363193946	9.25281925547	7.92250628495	6.52923557788	8.52666150186	8.07711082225	7.6344038576	7.40868865536	7.58908082814	8.83069217321	8.62660708196	9.18686554663	9.16604614085	9.44271714869	8.4370858301
alpha_rarefaction_20064_2.txt	20064	2	6.52168315262	6.1729255461	7.23155640502	6.62317661821	7.06779348243	7.01104789642	8.8760808026	9.64048172221	9.62190301701	8.90763167891	9.25323791391	7.91496753973	6.50535330196	8.50708173605	8.04092875782	7.58720260776	7.41975263569	7.5669008872	8.81144158087	8.57305779813	9.2111973634	9.13834027474	9.45743074185	8.42690025598
alpha_rarefaction_20064_3.txt	20064	3	6.57852995616	6.15220000901	7.24392634079	6.58354530303	7.02701670631	7.02181170697	8.85843696377	9.60912299285	9.61856143098	8.89659796883	9.2442937245	7.92173475728	6.52082242748	8.46967975009	8.01468233958	7.64035956248	7.44730281752	7.5621052051	8.83967538753	8.63623014423	9.20675502821	9.18196763411	9.43762425487	8.45277649689
alpha_rarefaction_20064_4.txt	20064	4	6.56857030936	6.13694870498	7.23210939544	6.6066742251	7.04333541696	7.03007460476	8.87461700105	9.64727858999	9.60735904633	8.89271496985	9.26348035176	7.94114221279	6.48708508014	8.53710980019	8.04721581555	7.63277424858	7.42569103782	7.59227439382	8.83661902784	8.58550330012	9.20820626579	9.15066107444	9.42389550662	8.45813473609
alpha_rarefaction_20064_5.txt	20064	5	6.52601960751	6.12902503172	7.24905476	6.6331970279	7.04821627093	6.99237463653	8.89817476011	9.59729609974	9.58757892322	8.93192086236	9.24793228431	7.94327383143	6.4821682531	8.51455460956	8.05258459269	7.6455623824	7.42285130088	7.59181998984	8.85542504919	8.60214851904	9.26642012674	9.17499094361	9.4601642863	8.45519023443
alpha_rarefaction_20064_6.txt	20064	6	6.5189998834	6.18357031406	7.26996213206	6.60785074712	7.03960810972	7.03647945981	8.86887976534	9.61414264915	9.62066647904	8.89619319099	9.28564886894	7.96562498243	6.51600570397	8.49730873546	8.03782789022	7.55976548501	7.42706558031	7.57024295628	8.86694281052	8.60571115332	9.19336520193	9.1697867157	9.47474593436	8.45457703841
alpha_rarefaction_20064_7.txt	20064	7	6.51889753345	6.14580359803	7.24460967769	6.63184950318	7.03231952575	7.0071820327	8.85596530583	9.58670902422	9.5835605346	8.89471355119	9.27918210239	7.94194615313	6.57991494201	8.49818121705	8.02656279102	7.6364764844	7.4291051497	7.60042735612	8.8371413885	8.60965260446	9.22118491743	9.17192337493	9.44941347857	8.40906880271
alpha_rarefaction_20064_8.txt	20064	8	6.56695817223	6.19510825133	7.18671429565	6.66277672893	7.05738113727	7.01107890429	8.87470816638	9.60542609365	9.64080743045	8.91330277694	9.26272949776	7.95164968609	6.49264856105	8.49645202004	7.99499308188	7.60383313406	7.42941280726	7.55717267511	8.81123783188	8.63704035122	9.20315752271	9.13625009547	9.43866668823	8.4496264801
alpha_rarefaction_20064_9.txt	20064	9	6.55640676904	6.13828939506	7.25425067512	6.61407664446	7.05549435547	7.03509353445	8.86898115734	9.62336707564	9.63627127242	8.89667817568	9.25481953825	7.9364582873	6.50975886659	8.46059567589	8.04114370659	7.62490169119	7.45042598127	7.58191651116	8.86168005615	8.57455696575	9.24403960205	9.15351062362	9.4512317496	8.4306951029
alpha_rarefaction_40118_0.txt	40118	0	6.5849570796	6.17006696714	7.26756680808	6.65006664655	7.09983513227	7.07242428423	8.941279988	9.69461104737	9.71898345505	8.98760832138	9.31625309412	7.97406598454	6.52478572947	8.57746087596	8.0933435347	7.66268923254	7.45788950993	7.60921285241	8.93377917423	8.68932145985	9.31530601439	9.25210413764	9.55088165805	8.52991067014
alpha_rarefaction_40118_1.txt	40118	1	6.57283989572	6.1791476817	7.29333582325	6.63809711483	7.08273632242	7.06582208181	8.93684377082	9.70438888979	9.69810928102	9.00309818949	9.34422215168	8.00613578081	6.53084948562	8.56995112164	8.0758181066	7.67027235427	7.47478932995	7.60261133214	8.94800218088	8.70150674426	9.32239539841	9.25705475251	9.55270690819	8.51002627453
alpha_rarefaction_40118_2.txt	40118	2	6.57472176795	6.18525465569	7.27990753735	6.64857938782	7.0766642711	7.0475910968	8.90943162428	9.68263528451	9.70983297226	8.96245928325	9.35326843959	7.99288866998	6.53616642838	8.54178415494	8.10348514533	7.66241866302	7.45827007403	7.5934382459	8.94499361002	8.6604634908	9.31412468382	9.26457045993	9.54482986026	8.51997382303
alpha_rarefaction_40118_3.txt	40118	3	6.57505501695	6.18060430159	7.29192084578	6.66653488918	7.07209232141	7.04321330699	8.93712990523	9.69868386594	9.68974098259	8.97552198793	9.36506919924	7.99943788446	6.52705342424	8.54629509942	8.08176351701	7.66263075425	7.45925111072	7.63539884857	8.92257752292	8.67749619312	9.30410639233	9.26196084761	9.56216909297	8.51164085435
alpha_rarefaction_40118_4.txt	40118	4	6.59856736221	6.1775790041	7.30936365275	6.65638417156	7.06252384606	7.07613421676	8.94330091382	9.69861873736	9.70005545396	8.96150202363	9.35071925441	7.97730732379	6.54296892673	8.58208101929	8.07928337652	7.6650693095	7.4508064299	7.62922597198	8.94805317009	8.71450915273	9.29095348026	9.26548763776	9.60711512307	8.5137050804
alpha_rarefaction_40118_5.txt	40118	5	6.56105214823	6.16921239821	7.28484381411	6.64833848251	7.073125412	7.05936772789	8.94204445768	9.70215412777	9.71064608884	8.97025192039	9.33272228892	7.97038688542	6.54081368942	8.57478935071	8.10454805253	7.65984881316	7.46474711887	7.59556173155	8.91462854007	8.66064426866	9.30248481126	9.25105861406	9.5553147238	8.57215078735
alpha_rarefaction_40118_6.txt	40118	6	6.58806131618	6.1774416928	7.2821152122	6.64489306148	7.07872340464	7.05356426746	8.95686004037	9.69576941619	9.70004332068	8.97906999124	9.35574330899	7.97883546561	6.55142357524	8.55375717709	8.08200358195	7.64982696563	7.4361817852	7.60360914801	8.9030528688	8.7012832177	9.29705142933	9.26139498632	9.55215999924	8.51276104957
alpha_rarefaction_40118_7.txt	40118	7	6.54826771151	6.19780357674	7.26794556725	6.64634604699	7.0454540128	7.05624130136	8.91728320799	9.70688435372	9.70051381528	8.97192165066	9.32113088943	7.9857700236	6.55552173166	8.55780606413	8.06963092704	7.69244005963	7.45790292313	7.6186330587	8.93731159161	8.66999299573	9.28574380049	9.25089159669	9.57098613905	8.5343404827
alpha_rarefaction_40118_8.txt	40118	8	6.56316835815	6.1823691015	7.28392953727	6.62262061195	7.10118673674	7.04029175893	8.92892707438	9.68939389297	9.72539886433	8.93905039379	9.31796872915	7.96639286686	6.53920650297	8.56644200741	8.0786144227	7.66730403986	7.47020285495	7.62680060155	8.93384355492	8.6931052313	9.32372639093	9.26075965186	9.55155451578	8.48228689292
alpha_rarefaction_40118_9.txt	40118	9	6.58803862894	6.18953410885	7.26901984053	6.64649267108	7.07886942349	7.05739772228	8.9586246663	9.71903486397	9.6984242204	8.96491452543	9.32461635321	7.97369133513	6.5612647714	8.55306510135	8.0908603106	7.68595374747	7.43543664015	7.60380556193	8.927643216	8.69292012904	9.30911529933	9.27201417085	9.55526472004	8.51271683922
alpha_rarefaction_60172_0.txt	60172	0	6.58191658856	6.19127406591	7.31421927574	6.67553895277	7.0797027158	7.05977263732	8.9395051332	9.73170249369	9.73008609448	9.00851183421	9.36534940604	8.01037803221	6.5284479392	8.60635594989	8.10329743909	7.685693925	7.47643958015	7.63348706607	8.99205725979	8.71020253063	9.35755697976	9.28680954218	9.62138142528	8.53573111159
alpha_rarefaction_60172_1.txt	60172	1	6.5749735228	6.20245395002	7.31698172219	6.66227051869	7.08265203991	7.07812537011	8.95255653234	9.72448320807	9.71049707925	8.99582466318	9.34943048184	7.99519708215	6.54064893523	8.58980457387	8.10447398853	7.69483459174	7.49208409786	7.62666378071	8.9995101063	8.71924856513	9.36045354727	9.28103245553	9.60110411288	8.55715581472
alpha_rarefaction_60172_2.txt	60172	2	6.58762115802	6.20082947462	7.31732026648	6.64826521933	7.09925170632	7.07496718066	8.95547491541	9.728526421	9.72324601451	9.00008941961	9.36838834949	8.00504996728	6.56110811216	8.5953157319	8.11877015254	7.69446273853	7.47768478515	7.63163848509	8.97943106586	8.70957014823	9.33924237248	9.28386400336	9.61040090975	8.54506973663
alpha_rarefaction_60172_3.txt	60172	3	6.57252495599	6.1927181685	7.28004438134	6.6728579261	7.08240451958	7.08216462961	8.94943109335	9.72424118587	9.74124234292	8.99999198982	9.35518423729	8.00227959515	6.53304988199	8.5813531163	8.10798912057	7.68742357122	7.48553012295	7.6307459144	8.97190781609	8.73728988332	9.35047755894	9.28838950861	9.61041077981	8.55491942279
alpha_rarefaction_60172_4.txt	60172	4	6.58074620824	6.19111591394	7.29563365582	6.67022639044	7.09832086111	7.10408686407	8.96130266296	9.73816547026	9.72867120117	8.98995034225	9.35641074934	8.00569088062	6.55674922572	8.5826213148	8.10144931746	7.69282133595	7.45469927689	7.64188214565	8.94781240912	8.71997648394	9.34415008466	9.30139605744	9.60220909874	8.55151429602
alpha_rarefaction_60172_5.txt	60172	5	6.56712780958	6.19681356276	7.31885856122	6.65682364592	7.07690506883	7.09539498021	8.94927588104	9.72243175758	9.7592011527	9.02814933301	9.37268336773	8.00508905322	6.52766062335	8.57354360247	8.09296832477	7.7028869086	7.4691085002	7.64062727753	8.96510292533	8.71419029048	9.36087218811	9.2902958611	9.59282783463	8.54082754895
alpha_rarefaction_60172_6.txt	60172	6	6.59043027549	6.17160703713	7.31167712314	6.64802774305	7.11165252677	7.06855972155	8.96426117296	9.7180817823	9.72974198339	9.01950907599	9.37042174544	8.00737048411	6.56437517391	8.58059744634	8.1070163081	7.69198316063	7.47633520554	7.64026677817	8.96678883952	8.72742816862	9.3417583444	9.28660621179	9.60115175462	8.56503544326
alpha_rarefaction_60172_7.txt	60172	7	6.56921539472	6.19017741606	7.2910321587	6.65438867987	7.09211367521	7.05782388937	8.9459580336	9.74060623819	9.73620119879	9.00871350682	9.35667725302	7.99118833587	6.58108022607	8.60279012019	8.1037279995	7.68185825627	7.47252689523	7.62870375196	8.97784794725	8.71876867229	9.33912050361	9.3187691827	9.59975846253	8.55887144233
alpha_rarefaction_60172_8.txt	60172	8	6.60305864106	6.18933971836	7.28194119755	6.67577733087	7.09888019134	7.09066698111	8.96693442966	9.71622159656	9.71747156264	8.99677449097	9.37727126993	8.00134464104	6.55269007395	8.57875362545	8.09611108379	7.69478396698	7.47184463083	7.64364492082	8.97896673123	8.7220221619	9.33612457618	9.31112215427	9.60224853972	8.54919513021
alpha_rarefaction_60172_9.txt	60172	9	6.58333828245	6.20793562287	7.29809326415	6.66003948121	7.08926976437	7.07550906141	8.96443044437	9.74498315552	9.74449183424	9.00568032497	9.35038226794	7.99332625541	6.55612611779	8.57190037208	8.11109233571	7.70031787872	7.47697530739	7.62872579937	8.99100996814	8.70572073143	9.34559591375	9.31622305722	9.59658465889	8.56384706164
alpha_rarefaction_80226_0.txt	80226	0	6.5834671035	6.20596559967	7.32660117898	6.67998292111	7.11293123514	7.0837001317	8.96032745943	9.75662299231	9.75021580764	9.02624373515	9.39641982625	8.01170717147	6.57125207078	8.60606758536	8.12553149961	7.71242442045	7.48221292443	7.62654410475	8.96876236356	8.7249200137	9.36634225783	9.31779271349	9.62892630114	8.58136858653
alpha_rarefaction_80226_1.txt	80226	1	6.58692177161	6.19884218464	7.3071068378	6.65353647809	7.1003382752	7.07940381362	8.95395980055	9.74302025499	9.77089115749	9.02696019793	9.38695218745	8.00591558885	6.56817927282	8.58905909191	8.11294431965	7.69450417431	7.46684413595	7.64844485862	8.99133837854	8.72371574734	9.37236087957	9.31555078218	9.62908335079	8.5667380936
alpha_rarefaction_80226_2.txt	80226	2	6.58953954876	6.19212955494	7.30666237789	6.6651527383	7.09311863393	7.07586829521	8.97784173741	9.73846619792	9.75128955775	9.03795819156	9.40113614043	8.01077722127	6.54559394751	8.59593171886	8.11581575024	7.71051681004	7.47315797648	7.62250272913	8.98544478072	8.75423748361	9.35306230767	9.32616969569	9.62969513846	8.55867995467
alpha_rarefaction_80226_3.txt	80226	3	6.57781562437	6.20221484111	7.30918099538	6.67316270279	7.08927009856	7.09148595715	8.9687089537	9.75259075637	9.74628526464	9.02661481981	9.39253435176	8.00707464107	6.57182661943	8.59842381579	8.11101374038	7.69482118089	7.47590901813	7.64376531033	8.98315260587	8.73988275993	9.37072426717	9.32056545492	9.62138664015	8.60613542145
alpha_rarefaction_80226_4.txt	80226	4	6.60239670492	6.21213717886	7.29231857561	6.67200180086	7.08923485526	7.08805613586	8.97094705702	9.74429745135	9.75834348695	9.02390288985	9.39295355606	7.99540487496	6.57384963096	8.60470830975	8.11402114627	7.70545445683	7.4788965028	7.62231675303	8.99486599132	8.74105685301	9.37162014686	9.29709151502	9.63300842088	8.57544311975
alpha_rarefaction_80226_5.txt	80226	5	6.58717077429	6.19965728125	7.30662981888	6.67835844939	7.10665271565	7.08279394032	8.97667327039	9.7482635467	9.75505270001	9.02295571583	9.38842503934	8.00033726077	6.58599491806	8.60729184712	8.11803317855	7.68838004309	7.48978732103	7.6368236131	8.97996709806	8.74763631016	9.36731803704	9.31612532539	9.61658109789	8.57184067935
alpha_rarefaction_80226_6.txt	80226	6	6.57819182145	6.20173215276	7.3050307851	6.67420113615	7.09628693396	7.09056026155	8.97434130247	9.75363903273	9.76057492267	9.02449948239	9.38880233254	8.01274913289	6.55173199732	8.60649666293	8.11877006821	7.70373062328	7.50071918121	7.63423256572	9.01223383655	8.74009134723	9.38466569995	9.32824154056	9.60878882867	8.58273348947
alpha_rarefaction_80226_7.txt	80226	7	6.58750541114	6.1805364955	7.3108041806	6.66223237047	7.08809332451	7.09636524772	8.96884409953	9.7498916363	9.7455056188	9.03594002975	9.38338811212	8.00351710226	6.56049532079	8.60029515613	8.11984064284	7.69742328869	7.48848393184	7.64479409142	8.99586716886	8.74367196555	9.38277388742	9.31519308016	9.64502422458	8.58954956287
alpha_rarefaction_80226_8.txt	80226	8	6.57399448828	6.18917492007	7.30317452154	6.68109756123	7.10324220575	7.08726701583	8.96599870915	9.74619776187	9.73718458334	9.02418065557	9.39217281765	8.01794650819	6.56483553368	8.59868586065	8.11742176969	7.70683996547	7.46802279143	7.64153933139	8.98403572391	8.71961007296	9.35483383497	9.34518512549	9.62730666313	8.58505542925
alpha_rarefaction_80226_9.txt	80226	9	6.58928011776	6.22566541002	7.30297688183	6.68076740696	7.1074692338	7.08600194271	8.97219089551	9.7501232887	9.76119009498	9.02738170875	9.39370390671	8.01639552567	6.56101981199	8.58942786148	8.11348551207	7.69999727033	7.48272307647	7.64221464009	8.97513929706	8.73579449214	9.37286585451	9.3281773678	9.65176334605	8.56628373109
alpha_rarefaction_100280_0.txt	100280	0	6.58737095628	6.19241492208	7.31251566162	6.66879982936	7.10073021359	7.09387506453	8.99357157406	9.76421576307	9.76352148915	9.04122265836	9.4008173761	8.0068533921	6.56509241622	8.60941683473	8.12828457664	7.70189345937	7.47579278466	7.65016248924	9.00850571958	8.75267129213	9.3835661806	9.32775123574	9.6404141142	8.57845979524
alpha_rarefaction_100280_1.txt	100280	1	6.59514089782	6.19052976143	7.3173062961	6.67784666011	7.10166576147	7.08978998076	8.97171956273	9.76256550085	9.78259286672	9.03338493715	9.41434152886	8.01752695514	6.5632291207	8.60641165623	8.13287989684	7.70330628441	7.49031686182	7.64795931783	9.01038196881	8.75171460757	9.3879171571	9.34382571161	9.66194546748	8.59605322013
alpha_rarefaction_100280_2.txt	100280	2	6.59464031832	6.19254430084	7.30596757999	6.6790207875	7.10291941173	7.09896812673	8.97774820507	9.75066250994	9.765676317	9.03209692775	9.40504358842	8.02138830195	6.58507973976	8.61539702901	8.12066147351	7.7066313143	7.49228367797	7.63602259216	8.99410764115	8.75729387246	9.38458336198	9.34265537547	9.65245590348	8.58624628102
alpha_rarefaction_100280_3.txt	100280	3	6.58561662351	6.19875599489	7.31549459915	6.68188735222	7.11032624923	7.09510912018	8.98437138848	9.77347755607	9.77733340574	9.02661911205	9.40128257126	8.01984462295	6.58406508031	8.62180744741	8.11807135143	7.70337756638	7.47973594098	7.6351537739	9.01017899184	8.74511685287	9.37163206373	9.33938647991	9.62889205729	8.59047680775
alpha_rarefaction_100280_4.txt	100280	4	6.58282006034	6.20440390759	7.31977689586	6.67052388721	7.10665137451	7.09158155964	8.98766067289	9.7598591683	9.78194144446	9.02814500275	9.40495490249	8.01667348541	6.56978179947	8.61010007284	8.1224262942	7.70734608972	7.49345304423	7.64077322396	9.01514904651	8.73793564884	9.39689628136	9.32769812345	9.65054623961	8.59143490003
alpha_rarefaction_100280_5.txt	100280	5	6.58272375609	6.20363917801	7.31364963866	6.66820213384	7.10401592597	7.09277230496	8.97996945072	9.75713289662	9.76697068007	9.04993467478	9.38871800754	8.01393012171	6.57866562686	8.61276260101	8.12037853306	7.69734658072	7.49381334183	7.63648825742	9.00391195777	8.75879857337	9.39323971627	9.32882282	9.65646572542	8.60637887275
alpha_rarefaction_100280_6.txt	100280	6	6.59716929756	6.20696005089	7.31281237055	6.68096125015	7.10282644272	7.09388980614	8.97926388801	9.75062036689	9.77073973812	9.03328903085	9.40415396055	8.01883706627	6.56862247095	8.61346255552	8.11948754819	7.70277513185	7.48893996253	7.64097075901	9.00050772489	8.75441593335	9.39307729412	9.33666375944	9.65496222163	8.59373725547
alpha_rarefaction_100280_7.txt	100280	7	6.58440668656	6.19834779179	7.31665887721	6.68195142802	7.10841635594	7.09863664183	8.98189522642	9.75821803038	9.76204066531	9.0361334096	9.39854946442	8.00818686418	6.58265734712	8.61351665721	8.11522621432	7.70956093545	7.47737914016	7.63865933292	9.00798332325	8.75430239517	9.39795192447	9.33239100623	9.64856835533	8.58894672003
alpha_rarefaction_100280_8.txt	100280	8	6.58850571297	6.19859898009	7.32813026107	6.68028817167	7.09865857839	7.09599393304	8.96798078193	9.75554051026	9.77483483689	9.02729257503	9.40432994886	8.02645328028	6.57107725323	8.6138762489	8.11957671723	7.70310051261	7.48251915853	7.6549890873	9.0035070631	8.75042912715	9.38562613723	9.32487631197	9.64064283132	8.58801659044
alpha_rarefaction_100280_9.txt	100280	9	6.59017811036	6.21139094953	7.31617383244	6.67422347079	7.11211855305	7.09230394129	8.97326025832	9.75609672451	9.7630961011	9.04290892188	9.39666470619	8.01618289641	6.56730124762	8.61345824028	8.13337065578	7.70208069588	7.48320217012	7.64893529332	9.00903377232	8.74533333237	9.39089807868	9.33917329649	9.63748034109	8.58561001555
alpha_rarefaction_120334_0.txt	120334	0	6.59296345495	6.21271887832	7.30489602526	6.68173460493	7.12113361445	7.09046500716	8.97805092173	9.76832554532	9.7840339732	9.04352598132	9.40445580336	8.01381453841	6.58439372653	8.61231296888	8.12742783003	7.70756638904	7.48512640779	7.65031956861	9.01354239062	8.74816777289	9.40204368633	9.35891457387	9.66787079509	8.59239545591
alpha_rarefaction_120334_1.txt	120334	1	6.58774175501	6.2030736788	7.31548255992	6.67534256913	7.11061145821	7.09404482798	8.97660562042	9.7724308663	9.78938206205	9.03601149064	9.41041494887	8.02293302488	6.57510499014	8.62079633838	8.11319063937	7.70796694447	7.48824651684	7.65153315222	9.01302164655	8.75956329292	9.412883271	9.35640006048	9.63568137287	8.60125258269
alpha_rarefaction_120334_2.txt	120334	2	6.60278824842	6.21476416982	7.32321647706	6.67893880314	7.10871966688	7.0970312552	8.9814760352	9.76550224558	9.77447989969	9.04265318336	9.41067781652	8.02630929347	6.58068114262	8.61035301511	8.11934913448	7.70055986738	7.49975899709	7.64716752229	9.00898159683	8.75457718788	9.40175802808	9.34768336474	9.68071888445	8.59859892083
alpha_rarefaction_120334_3.txt	120334	3	6.59524872882	6.20669706804	7.31675440246	6.677509934	7.11302462684	7.10647544028	8.98511031213	9.77223199928	9.77510076352	9.04640228731	9.3941923328	8.02807957567	6.5742310475	8.61139779891	8.12589061676	7.7121637857	7.49465920898	7.64788170238	9.01556523778	8.76172937587	9.41253535103	9.35222944211	9.66728829661	8.59479481998
alpha_rarefaction_120334_4.txt	120334	4	6.58986783485	6.20303533884	7.31530669754	6.67196111922	7.11427180688	7.09352974342	8.98509676493	9.76588174422	9.77947668824	9.05505118071	9.40907712446	8.02869968825	6.57806160164	8.61097434712	8.126801066	7.70994138608	7.48896941134	7.66280276251	9.02615905586	8.75879012325	9.40165519077	9.34016638853	9.66712046447	8.59143454123
alpha_rarefaction_120334_5.txt	120334	5	6.59952289104	6.21343067066	7.31559429875	6.68280058794	7.10685180681	7.09807020945	8.98974618542	9.76054204304	9.77231371311	9.04239811621	9.40593462051	8.01755937319	6.58407356156	8.61445488524	8.1274323344	7.70348820689	7.48879724198	7.65332016918	9.00406668945	8.75900745559	9.3977197246	9.35533083945	9.67109386025	8.59208310138
alpha_rarefaction_120334_6.txt	120334	6	6.59287838319	6.2027534337	7.31688863174	6.66927569077	7.10849187704	7.10251337303	8.98400730658	9.77250114517	9.77866156738	9.043545883	9.40338106089	8.03254951841	6.56494122989	8.63158411372	8.1281836242	7.70887557509	7.48919498876	7.64537868414	9.0194694664	8.75719800605	9.41063922708	9.34648262522	9.66253603304	8.59689524448
alpha_rarefaction_120334_7.txt	120334	7	6.58872959862	6.21790914594	7.3158941999	6.68002852339	7.10520634369	7.09800109928	8.9818122323	9.77513026285	9.77883130664	9.04654411393	9.41486800053	8.02228238861	6.5743325141	8.61502335646	8.13680477054	7.70458599086	7.47906703427	7.65728231072	9.0208786336	8.76186328743	9.39198338608	9.35259761778	9.66712217037	8.5970818116
alpha_rarefaction_120334_8.txt	120334	8	6.59315293973	6.20385603411	7.30463559175	6.68457030364	7.10682119742	7.09654903005	8.98278387358	9.77812414437	9.78267060289	9.0503721961	9.40208290033	8.01800740063	6.57087140811	8.61969557807	8.1319855931	7.7124069761	7.49480297683	7.64437358293	9.01810847658	8.75196934974	9.39380454522	9.34231766653	9.66657357076	8.57901283172
alpha_rarefaction_120334_9.txt	120334	9	6.59939915598	6.20013606977	7.31120189091	6.67337267849	7.1129401959	7.09694956224	8.98873195377	9.76259671214	9.78161248267	9.04056114031	9.40772204171	8.02695816264	6.57271776022	8.61146351648	8.12116578679	7.70887853826	7.49950630407	7.65827991068	9.025934526	8.76760431865	9.39918651652	9.35847020699	9.64796841246	8.59320623748
alpha_rarefaction_140388_0.txt	140388	0	6.59510629665	6.20838047229	7.31300717605	6.68155119828	7.10739980517	7.09706925226	8.99132756111	9.77546852917	9.7919976985	9.04541761174	9.41916400295	8.02521143723	6.58264753151	8.61950859431	8.13245648985	7.70941751943	7.49595520563	7.65408446664	9.01940210245	8.77201721308	9.41014350249	9.35591330535	9.67505163416	8.60801342691
alpha_rarefaction_140388_1.txt	140388	1	6.60072592845	6.2088557764	7.32866921381	6.68257522881	7.10239126195	7.08462074562	8.98586701162	9.7714908465	9.77738905527	9.05000513666	9.41617332429	8.03281837549	6.58385431069	8.62425462175	8.1303406537	7.71597150225	7.49436484535	7.65947820592	9.02214992241	8.76944963304	9.41176571035	9.35773978794	9.68026092427	8.60849802046
alpha_rarefaction_140388_2.txt	140388	2	6.59129718818	6.21523443496	7.31930199061	6.68299196041	7.11485621325	7.10613994956	8.99405218544	9.77846178987	9.78481767787	9.04874649891	9.41736097125	8.02824722202	6.57526647264	8.62095478116	8.13328941191	7.70981913109	7.48835747627	7.64455627562	9.02425064115	8.77120607449	9.40544037226	9.35389792599	9.67321459095	8.59248041209
alpha_rarefaction_140388_3.txt	140388	3	6.60026711402	6.21509234244	7.31605392465	6.67753966745	7.10873148833	7.09745631889	8.99422816037	9.77082618823	9.78713983682	9.05119700445	9.41462824979	8.03104171796	6.57269996687	8.62130809526	8.13454856404	7.71243346375	7.49549250006	7.65165246676	9.02269153561	8.76891701333	9.39126127625	9.35881160729	9.67298674433	8.61103804734
alpha_rarefaction_140388_4.txt	140388	4	6.59021126633	6.20563782951	7.32432495828	6.68489631946	7.11019290261	7.10280533058	8.98834014349	9.7683488004	9.7816420997	9.04822904501	9.41364904567	8.03161678816	6.57555413088	8.61727328032	8.13827827956	7.71555689664	7.49643376967	7.65007109884	9.01780873557	8.76517715919	9.41087288777	9.34925441692	9.67468385421	8.59900034335
alpha_rarefaction_140388_5.txt	140388	5	6.59371711637	6.20522445766	7.32396537725	6.67724507775	7.11456150118	7.09693791141	8.99344806638	9.77224792481	9.78583096616	9.04606393889	9.41644171429	8.03437326736	6.58213636322	8.62142083873	8.13164951874	7.71315759051	7.4981544208	7.65389991121	9.02587672639	8.77127992414	9.40292500682	9.35446945484	9.67191309037	8.61128281821
alpha_rarefaction_140388_6.txt	140388	6	6.59400707315	6.21182957255	7.31810923115	6.68354228357	7.11049890306	7.08923142421	8.98995036161	9.76606757379	9.78983700016	9.04855802274	9.40811561276	8.0356490939	6.56932707166	8.6193896418	8.13052152978	7.71570504078	7.48068891644	7.65304313284	9.02351373377	8.76967407736	9.4062195177	9.35201867657	9.67553382822	8.60649195203
alpha_rarefaction_140388_7.txt	140388	7	6.59581091055	6.21618298491	7.32135089853	6.68038633033	7.11291709074	7.09355406738	8.98846646341	9.77217560748	9.79147578747	9.05916843029	9.41259409233	8.02569138085	6.5739166038	8.62428405607	8.13214107683	7.71086152429	7.49284410048	7.65670699212	9.02474379248	8.77154797162	9.40167348967	9.36083890317	9.67794763126	8.60114318891
alpha_rarefaction_140388_8.txt	140388	8	6.59534250486	6.20927130634	7.31800716971	6.68021724984	7.10768195233	7.10150829183	8.9939727422	9.77635844414	9.78127088991	9.04943855413	9.41457069306	8.02473926945	6.58811298899	8.62164543569	8.13642079259	7.71089890479	7.49550157648	7.65420329689	9.02782779824	8.77066068662	9.40626262459	9.3506777537	9.68464322265	8.60735964393
alpha_rarefaction_140388_9.txt	140388	9	6.59268037753	6.20882790647	7.31992363834	6.68225946817	7.11339116158	7.09287719026	8.98645296713	9.76439733108	9.78798624095	9.05058529915	9.4198013381	8.02224656214	6.57856777518	8.62955069624	8.12700480559	7.71603535572	7.48304169328	7.65130799639	9.02342265637	8.77078664365	9.41288183726	9.34829955064	9.68087983518	8.60046751537
alpha_rarefaction_160442_0.txt	160442	0	6.59630518317	6.20734424174	7.31636006774	6.68531228045	7.10876616752	7.09904506152	8.99254916556	9.7814973068	9.78491814452	9.05853500308	9.42127395132	8.02746266598	6.58239948585	8.62831386807	8.12898433202	n/a	7.49188656418	7.65544995367	9.03338901363	8.76891119574	9.41264129028	9.36595838844	9.67927943408	8.61129914668
alpha_rarefaction_160442_1.txt	160442	1	6.59753806621	6.20875968059	7.31905028209	6.68184549506	7.10815233062	7.09795972025	8.98863032092	9.78303929655	9.78760519205	9.05335468827	9.41947321752	8.03173289405	6.58153735779	8.62345907286	8.13617864819	n/a	7.49086447441	7.65780114039	9.02921644848	8.7761316619	9.4115215002	9.35582857538	9.67355843336	8.60609883069
alpha_rarefaction_160442_2.txt	160442	2	6.60055296561	6.22088140636	7.31656809731	6.68444429196	7.11306414479	7.10270191604	8.99270484963	9.77050222949	9.78782699989	9.0589028216	9.4151172807	8.02864317697	6.57918670963	8.62808332967	8.13374018813	n/a	7.49336047432	7.65777025187	9.02577542815	8.76688978985	9.41147414551	9.36007003328	9.69034125248	8.61507820861
alpha_rarefaction_160442_3.txt	160442	3	6.59674801801	6.21684512948	7.32159768349	6.68200802224	7.11154540372	7.09584747066	8.99088538426	9.7737640517	9.79672304257	9.05873026839	9.41349554553	8.0340736479	6.57935310306	8.63069087028	8.13670924624	n/a	7.48776843307	7.65622551833	9.02660854606	8.77036491959	9.4172066258	9.36550449897	9.67839900283	8.61191753651
alpha_rarefaction_160442_4.txt	160442	4	6.59608585075	6.21161709304	7.32092075666	6.68390433271	7.11210539728	7.10188846917	8.9959558781	9.77978075183	9.78967065454	9.05836339267	9.41837425503	8.02899068124	6.5821263524	8.62690275261	8.13611354679	n/a	7.49607028749	7.65144397305	9.03059876833	8.77444788941	9.41832966148	9.36852861866	9.68178141526	8.60668784946
alpha_rarefaction_160442_5.txt	160442	5	6.60059044852	6.20849369001	7.31767043028	6.67880215617	7.10756639064	7.09448825346	8.99414002679	9.77605685456	9.78868476282	9.05884831797	9.41964788183	8.02921046313	6.58161615571	8.62243461452	8.13460185535	n/a	7.4933595677	7.65552136888	9.02993711261	8.77120173238	9.41194671794	9.35414967026	9.68728157022	8.61371772919
alpha_rarefaction_160442_6.txt	160442	6	6.58991231428	6.21858274337	7.32244818981	6.67940956476	7.10912220825	7.09403601875	8.99190787866	9.77637861814	9.79764756927	9.05596883128	9.41709169632	8.03295793779	6.58063306282	8.62875662052	8.13088797289	n/a	7.48967446659	7.66257243546	9.02503234963	8.77701111274	9.41177811026	9.36032367914	9.66511179227	8.60116464919
alpha_rarefaction_160442_7.txt	160442	7	6.59829595858	6.21331730793	7.32109997675	6.68399185294	7.11348147564	7.09594312503	8.99427131174	9.77515209599	9.78963442735	9.058946336	9.41404405938	8.03377069794	6.58116079743	8.62122181227	8.13680378847	n/a	7.49112797825	7.65263016462	9.02530203412	8.7803812605	9.40669511809	9.36251385663	9.68168792302	8.61016528903
alpha_rarefaction_160442_8.txt	160442	8	6.60543384635	6.21139295151	7.3206158253	6.68131300324	7.11881675919	7.10251945845	8.98815853305	9.77891689351	9.78732358738	9.06102229641	9.42195861239	8.03595853552	6.57590493274	8.62283498464	8.13772415034	n/a	7.49397819981	7.65667197862	9.02582145492	8.76712401181	9.41473031752	9.36561450972	9.68123915776	8.60253635765
alpha_rarefaction_160442_9.txt	160442	9	6.59269130044	6.20984057867	7.32120712001	6.68458358781	7.10967090272	7.09890385471	8.99695963783	9.77627245837	9.78619902923	9.05617714749	9.41727666763	8.02484135618	6.58021434364	8.62629716718	8.13484336283	n/a	7.4889170817	7.65633365817	9.02878059969	8.77239937462	9.41253133495	9.36219639913	9.68525578258	8.60848618281
alpha_rarefaction_180496_0.txt	180496	0	6.59643440766	6.21012182235	7.32387815927	6.68039996734	7.10999462003	7.09931360392	8.9977713068	9.78152247584	9.79308004623	9.05949662811	9.42151817718	8.03449788788	6.58207230739	8.62315776853	8.13851126538	n/a	7.49940681035	7.65880052416	9.03317502115	8.77886970774	9.41752922246	9.36151624742	9.69021282172	8.61728029198
alpha_rarefaction_180496_1.txt	180496	1	6.6025650284	6.214859048	7.32215063178	6.68401353304	7.11451050889	7.09941654423	8.99640475516	9.78294684156	9.79583924546	9.06205400327	9.4228308516	8.03273682016	6.58031020232	8.62567749333	8.13539544367	n/a	7.49923080044	7.65752225658	9.03382040518	8.7777409557	9.41967609434	9.36843954415	9.68442815922	8.62249509858
alpha_rarefaction_180496_2.txt	180496	2	6.59816811714	6.21640700224	7.32151615366	6.68324588902	7.10961294738	7.10062737433	8.99638622345	9.78204862728	9.79428652959	9.05982782419	9.42258924235	8.03262599051	6.58205165526	8.62772618107	8.13592984714	n/a	7.49881889829	7.65663335891	9.03130801869	8.77819040204	9.4152167969	9.36844229441	9.67385178545	8.61303486859
alpha_rarefaction_180496_3.txt	180496	3	6.59989382654	6.21009565174	7.32312755399	6.6863833037	7.11381463156	7.09929122891	8.9975071557	9.78012325136	9.79447734942	9.06027493193	9.42009020341	8.03411826296	6.58295636278	8.62528719539	8.13700820361	n/a	7.49517394303	7.66200644063	9.03320556656	8.77737322528	9.41660710464	9.36565884827	9.68843241047	8.61036279021
alpha_rarefaction_180496_4.txt	180496	4	6.60209776554	6.21310641056	7.31999781826	6.68220033102	7.11434894236	7.10068596651	8.9954831388	9.77896014993	9.79222392168	9.0631422711	9.42240614361	8.03193695539	6.58243669501	8.62766716531	8.13970998649	n/a	7.50034508288	7.65417337707	9.03329552839	8.77713161673	9.4210664839	9.36507276471	9.69443341049	8.60865758679
alpha_rarefaction_180496_5.txt	180496	5	6.60008926677	6.21229241309	7.32826941492	6.68492887406	7.11563141847	7.09691984528	8.99300833984	9.78208176014	9.7921606684	9.06115390731	9.42319202628	8.03340891036	6.58370985383	8.62559411596	8.13857246098	n/a	7.49235823504	7.6605823268	9.03216755976	8.77474793488	9.42500735062	9.36455520995	9.68317237016	8.61267044697
alpha_rarefaction_180496_6.txt	180496	6	6.60179032222	6.21640490448	7.32270769354	6.68567661576	7.11137407029	7.10257574513	8.99476691084	9.7805878489	9.79420864244	9.05999397471	9.42175389055	8.03293563588	6.58260147469	8.62504826345	8.13703802457	n/a	7.49593569589	7.65790731719	9.03292184345	8.77866117078	9.41988639509	9.36887942108	9.68988930765	8.62039054744
alpha_rarefaction_180496_7.txt	180496	7	6.59931382055	6.21362320984	7.32507445928	6.68415837907	7.11085416154	7.10075220969	8.99460004231	9.77917283343	9.79315477644	9.05916069283	9.42237225822	8.03453209481	6.58243166758	8.62642225919	8.14021334711	n/a	7.49772822199	7.65559732845	9.03315845586	8.77616066855	9.41913927478	9.37223356572	9.68571646304	8.6175470682
alpha_rarefaction_180496_8.txt	180496	8	6.60044793473	6.21197559573	7.32173761122	6.68324459346	7.11164073079	7.09599411254	8.9922181995	9.78039859948	9.79243458575	9.05819954347	9.42220864014	8.03235637162	6.57812739461	8.6259076088	8.13842091571	n/a	7.49742872424	7.65880375608	9.03283061672	8.7764082678	9.41368753981	9.36549772349	9.68372414819	8.61419283719
alpha_rarefaction_180496_9.txt	180496	9	6.59721988539	6.20941832421	7.32542284864	6.68411559805	7.11309261527	7.09815439077	8.99699073061	9.77994203186	9.7961541359	9.05928541557	9.42102721007	8.03184619478	6.58160428823	8.62995583363	8.13973237682	n/a	7.49774711701	7.65657360103	9.03322511173	8.7735143739	9.41155375307	9.36715307512	9.69786904343	8.6129538755
alpha_rarefaction_200550_0.txt	200550	0	6.59899907558	6.21214798267	7.32787299455	n/a	7.11883283486	7.10177044177	n/a	n/a	9.79789741595	n/a	n/a	n/a	n/a	8.62867020439	n/a	n/a	7.49132758379	7.65944305269	n/a	n/a	9.42268283821	n/a	9.69064394192	8.61707446549
alpha_rarefaction_200550_1.txt	200550	1	6.59828953331	6.21120163231	7.32439756007	n/a	7.11209234816	7.10218816513	n/a	n/a	9.79718072718	n/a	n/a	n/a	n/a	8.62900308731	n/a	n/a	7.49881585943	7.65862122163	n/a	n/a	9.42173716618	n/a	9.68676038291	8.61521535567
alpha_rarefaction_200550_2.txt	200550	2	6.60099278394	6.21489710988	7.32457223921	n/a	7.114982262	7.10163940746	n/a	n/a	9.79685698839	n/a	n/a	n/a	n/a	8.62999550121	n/a	n/a	7.49653582523	7.65830254136	n/a	n/a	9.42050663946	n/a	9.69746195628	8.61979338211
alpha_rarefaction_200550_3.txt	200550	3	6.59891036849	6.21453989109	7.32464420388	n/a	7.11479413596	7.10169210556	n/a	n/a	9.79893263772	n/a	n/a	n/a	n/a	8.62759127647	n/a	n/a	7.49727855322	7.66073739473	n/a	n/a	9.42254710298	n/a	9.68975795747	8.61858855887
alpha_rarefaction_200550_4.txt	200550	4	6.59671776837	6.21483223295	7.32520143975	n/a	7.11530583459	7.1018665758	n/a	n/a	9.79720971461	n/a	n/a	n/a	n/a	8.62753692887	n/a	n/a	7.49597844599	7.65777931806	n/a	n/a	9.42090641759	n/a	9.69444791736	8.6172345338
alpha_rarefaction_200550_5.txt	200550	5	6.59850244669	6.21547353411	7.32344938342	n/a	7.11465146153	7.10232225464	n/a	n/a	9.80005912473	n/a	n/a	n/a	n/a	8.63240308003	n/a	n/a	7.49633154641	7.65861467634	n/a	n/a	9.41958834441	n/a	9.69062389977	8.61985265192
alpha_rarefaction_200550_6.txt	200550	6	6.59942411821	6.2140550758	7.32240371611	n/a	7.11603032939	7.10144751578	n/a	n/a	9.79862253102	n/a	n/a	n/a	n/a	8.63205948527	n/a	n/a	7.49952014547	7.66078662241	n/a	n/a	9.42018770926	n/a	9.68880831115	8.61884348057
alpha_rarefaction_200550_7.txt	200550	7	6.59983947872	6.21279325668	7.32095451065	n/a	7.11454649626	7.10180751987	n/a	n/a	9.7979913826	n/a	n/a	n/a	n/a	8.62903532756	n/a	n/a	7.49867117882	7.65917373478	n/a	n/a	9.42244574865	n/a	9.69059875222	8.62054598445
alpha_rarefaction_200550_8.txt	200550	8	6.59330491091	6.21298619188	7.32343582944	n/a	7.11410800082	7.10193018588	n/a	n/a	9.79746589496	n/a	n/a	n/a	n/a	8.62926259208	n/a	n/a	7.49926513838	7.65865966036	n/a	n/a	9.41911759699	n/a	9.69537453059	8.61868276172
alpha_rarefaction_200550_9.txt	200550	9	6.59906762278	6.21417131699	7.32406509095	n/a	7.11602831079	7.10294451312	n/a	n/a	9.79611631043	n/a	n/a	n/a	n/a	8.63238204939	n/a	n/a	7.50234945456	7.65665910722	n/a	n/a	9.42306137269	n/a	9.69225281406	8.61696766879